  2175913

      477      387      480      385      504      359
      482      385      478      385      508    25031
     3531     1656      482     1248      483      384
      509      359      482      381      482     1253
      503      359      483      385      482      381
      508      359      483     1248      482      385
      478     1252      483     1251      479      385
      504     1226      482     1248      483     1247
      483     1247      483     1251      505      359
      482      385      483     1247      483      384
      479      384      483      385      482      381
      482      385      483      384      479      388
      479      385      482      384      479      385
      482     1248      482      385      483     1247
      483      385      504      359      482      385
      483     1247      483     1248      482      385
      478      385      483      384      483      385
      478     1248      482      385      508      363
      479      380      509      359      482      385
      478      385      482      385      478      385
      483      385      482      385      478      385
      482     1248      486     1244      509     1222
      482      385      509      358      479     1252
      484     1246      483     1248      482    35438
     3510     1681      483     1252      482      380
      483      385      482      385      478     1252
      483      380      483      384      483      385
      478      385      482     1248      482      385
      483     1247      483     1248      482      385
      483     1247      508     1226      479     1248
      482     1252      478     1253      482      385
      478      384      483     1248      483      384
      478      390      478      384      483      385
      478      385      482      385      478      389
      479      384      483      385      478      385
      482      385      478     1256      479      384
      479      385      482      385      478      385
      482     1248      482      385      483      384
      479     1252      482     1248      482      385
      479     1251      479     1252      482     1249
      481     1248      482     1254      477     1252
      478      389      478     1252      479     1252
      478     1252      482      385      479      384
      483     1248      482      385      478     1253
      508      359      478      385      508      359
      478      389      479     1252      509    35406
     3513     1685      479     1252      478      385
      482      385      478      389      479     1251
      479      384      483      385      478      389
      478      385      483     1247      483      384
      479     1252      478     1252      483      384
      479     1252      478     1256      478     1248
      483     1247      483     1252      478      385
      482      385      478     1252      484      384
      478      385      482      385      478      389
      478      385      483      385      478      384
      483      385      479      388      478      385
      482      385      479      384      483      385
      478      385      483      384      478      389
      479      384      483      385      478      385
      482      385      478      389      479     1252
      487      376      482      385      478     1252
      479      389      504      359      482      385
      478      385      483     1247      483     1248
      487     1247      478      389      479      385
      478      389      478      385      482      385
      478      385      483      384      479      389
      478      384      483      389      474      385
      482      385      478      389      478      385
      483      384      479     1252      478      389
      478     1252      478      385      487      381
      478      389      478      385      482      385
      478      385      483      384      479      389
      478      384      483      385      478      385
      482      385      478      389      479      384
      483      384      478      385      483      385
      478     1252      482     1248      482      385
      478      389      479      384      487      381
      478      389      478      385      478      389
      478      385      482      385      478      389
      479     1247      483     1251      479      393
      474      385      478      389      504      359
      483      384      479      388      479      384
      479      389      478      385      482      385
      478      389      478      385      482      385
      478      385      483      385      504      363
      478      385      478     1252      482      385
      478      389      479      384      479      388
      479      392      475     1248      482     1248
      482      385      483      384      479      389
      478      385      479      388      478      385
      482      385      478     1252      478      389
      479      384      483      384      479      389
      478      385      482      385      478      385
      483      384      504     1227      482      385
      478      385      482     1248      482     1252
      478      385      483     1247      483     1252
      478