  1616320

      496      359      483      385      477      385
      482      385      483      385      478    25053
     3512     1682      487     1243      483      384
      479      389      478      385      482     1247
      483      385      482      385      478      385
      482      385      478     1257      478      384
      478     1252      482     1248      482      385
      483     1247      483     1247      488     1247
      478     1252      479     1252      482      385
      478      385      482     1248      482      385
      482      386      478      385      482      385
      478      389      478      385      483      385
      478      385      482      385      478      389
      478     1252      479      384      488     1242
      483      384      483      385      478      389
      478     1251      478     1253      478      389
      478      384      483      390      473      389
      478     1252      478      389      477      386
      482      384      479      384      483      385
      478      389      478      385      482      385
      483      384      478      385      482      385
      478     1252      478     1253      482     1247
      483      385      482      385      478     1256
      474     1252      483     1247      483    35445
     3504     1682      508     1226      478      385
      483      384      483      384      483     1248
      478      389      478      385      482      385
      478      389      478     1251      479      385
      483     1247      482     1257      473      389
      478     1252      477     1253      482     1248
      482     1252      478     1257      474      388
      478      385      483     1247      483      384
      483      385      478      385      482      385
      478      389      478      385      482      385
      479      384      482      385      478      389
      478      385      483     1247      483      384
      483      385      478      394      473      385
      478     1257      477      385      478      389
      478      385      482     1248      482      385
      478      389      478     1252      478      389
      478      385      488      379      479      384
      483      385      478      389      477     1253
      478      389      478      385      482      385
      478      385      482      385      478      394
      474     1251      479      389      478      385
      478      389      478     1252      478    35443
     3509     1682      508     1226      483      385
      478      384      479      389      478     1252
      478      389      478      385      482      385
      478      385      482     1247      484      384
      488     1243      482     1252      479      384
      483     1247      482     1253      478     1252
      478     1257      478     1247      483      384
      478      390      503     1227      478      384
      483      385      482      385      478      385
      482      385      479      388      478      385
      483      385      478      385      482      385
      478      389      478      385      482      385
      478      385      482      385      478      389
      484      379      483      384      478     1252
      483      385      478      385      482     1252
      478      385      482      385      478      389
      478      385      483      384      478      385
      482     1248      482     1252      478      390
      478     1251      479      389      478      384
      488      380      478      386      481      385
      478      389      478      384      483      385
      478      389      478      385      478      389
      479      385      482      385      478      390
      477     1252      478     1252      478      389
      478      385      482      385      478      389
      478      385      483      384      478      383
      489      381      478      389      478      385
      482      385      478      385      482      385
      478      389      479      384      483      384
      478      390      478      384      483      389
      474     1251      479     1252      482      385
      478      389      478      385      478      389
      478      385      483      384      478      389
      483      380      482      385      478      389
      478     1252      478     1252      483      384
      478     1252      478      389      478      385
      483      384      478      389      478      385
      483      384      479      384      483      385
      478      389      478      385      482      385
      478      385      483      384      478      390
      478      385      482     1248      483      384
      478      390      478      384      483      385
      478      389      478     1252      478     1257
      474      389      478      385      482      385
      478      385      482      385      478      388
      479      385      482     1248      482      385
      478      394      474      384      483      385
      478      389      478      385      478      389
      479      384      483     1248      482     1248
      482     1257      473     1252      483     1247
      483      385      478      389      478      385
      482