  2705591

      476      387      476      385      482      385
      478      385      483      385      478    25056
     3510     1689      476     1248      484      383
      478      389      478      385      483     1249
      481      385      478      385      483      385
      478      385      483     1248      483      385
      478     1253      478     1254      481      385
      478     1252      479     1252      478     1253
      478     1253      478     1254      481      385
      478      385      483     1248      483      385
      478      384      483      385      478      389
      478      385      479      389      478      385
      483      384      479      385      482      386
      478     1252      478      389      478     1253
      478      385      483      385      478      385
      482     1249      482     1248      483      385
      482      385      478      385      483      385
      478     1252      479      386      481      385
      478      389      479      385      478      389
      478      385      483      385      504      359
      483      384      479      385      482      385
      478     1253      478     1252      483     1248
      482      385      478      386      482     1248
      483     1248      482     1253      478    35445
     3504     1699      465     1253      478      389
      478      385      478      390      478     1252
      504      360      508      359      478      385
      483      385      487     1244      478      389
      478     1252      479     1252      478      385
      483     1248      482     1248      509     1226
      478     1253      478     1252      478      390
      478      385      482     1248      483      385
      478      385      482      385      478      389
      504      359      483      385      478      385
      483      384      479      389      478      385
      478      390      480     1250      479      384
      482      385      479      385      482      385
      478     1252      483      385      478      385
      483     1248      482      385      478      390
      478     1252      478      385      483     1248
      482      385      478     1253      478      390
      478     1248      509     1226      478      385
      482      385      479      385      482      385
      478     1253      482     1248      483      384
      479      385      482     1248      483     1252
      479      385      482     1248      483    35444
     3505     1681      483     1252      478      385
      483      385      503      361      481     1249
      482      385      478      385      509      359
      478      389      478     1248      509      359
      483     1248      482     1248      483      385
      478     1252      478     1253      483     1250
      480     1249      482     1248      482      385
      478      390      478     1253      478      384
      509      359      504      359      483      385
      478      386      482      385      478      386
      482      385      478      386      482      385
      478      389      479      385      478      389
      504      359      483      385      478      385
      484      384      478      385      483     1248
      483      385      478      385      482     1249
      482      385      478      389      479      385
      482      385      478      385      509      359
      478      385      482     1249      482     1248
      483     1252      504      359      483      385
      483      380      482      385      479      389
      478      385      478      389      479      385
      482      385      504      359      483     1248
      483     1248      482     1248      483     1248
      483      385      483      386      478     1254
      502      361      481      385      477      385
      482      386      503      364      478      385
      478      389      479      385      482      385
      478      385      483      385      478      385
      483      384      479      385      482      385
      479      389      478      385      478      389
      504     1227      478     1252      504      360
      482      385      479      389      478      385
      478      390      478      385      478      389
      504      360      478      389      478      386
      482     1249      482     1248      483      385
      478      385      483      385      478      389
      478      385      478      390      480     1251
      478      385      482      385      478      385
      483      388      503      358      482      385
      478      389      479      385      478      389
      478      385      478     1253      482      385
      504      359      483      385      504      359
      483      385      478     1252      478     1253
      482      385      479      385      482      385
      504      359      483      385      504      359
      483      385      478     1254      477      389
      478      385      478      389      479      385
      482      385      479      384      483      385
      478      389      478     1253      478      385
      478      390      478     1252      478      385
      483     1248      483     1248      482      385
      478