  2862677

      475      387      476      389      478      385
      482      385      478      385      483    25053
     3509     1691      475     1253      480      385
      477      393      480      381      478     1254
      481      410      458      378      484      384
      482      387      477     1252      477      389
      504     1227      477     1255      481      386
      478     1251      476     1259      480     1245
      482     1256      474     1276      456      388
      476      386      483     1252      478      383
      482      388      478      383      483      385
      479      389      503      359      484      391
      476      386      478      383      482      385
      480     1258      472      388      479     1253
      476      386      480      385      481      387
      479     1254      476     1254      476      392
      475      384      484      387      475      387
      479     1252      478      385      482      385
      478      385      482      385      478      390
      478      385      482      385      478      389
      479      384      482      385      478      385
      483     1247      483     1252      478     1252
      478      389      478      385      482     1250
      481     1252      478     1252      478    35453
     3502     1684      477     1252      483      384
      479      384      483      384      479     1252
      482      385      478      389      478      385
      482      385      478     1252      479      389
      478     1252      478     1253      481      385
      478     1252      479     1252      482     1248
      482     1252      478     1253      477      389
      478      385      483     1247      483      384
      483      385      478      385      482      385
      478      389      478      385      482      386
      477      389      478      385      483      384
      478      385      482     1248      482      385
      483      384      478      390      503      360
      482     1249      482      384      478      389
      478      385      483      384      478      389
      479      385      482      385      478      389
      478     1252      478     1252      478      389
      478     1253      478     1252      478      389
      504      359      483      384      478      385
      483     1253      477      385      482      385
      478      389      478      385      483     1248
      482     1247      508     1227      478    35449
     3503     1686      477     1252      483      384
      479      389      478      384      483     1247
      483      385      478      389      478      385
      482      385      479     1251      483      384
      478     1252      478     1253      482      385
      478     1252      482     1249      482     1247
      483     1251      478     1252      483      385
      478      385      482     1252      478      385
      483      385      477      389      479      384
      483      385      478      384      483      385
      478      389      504      359      482      385
      478      390      478      385      478      389
      478      385      482      385      478      389
      478      385      483      385      478     1252
      478      389      504      359      482     1248
      482      385      478      390      478      385
      482      385      478      389      478      385
      482      385      478     1253      478     1252
      483     1252      478      385      478      389
      478      385      482      385      478      385
      483      385      478      389      478      385
      482      385      478      385      482      389
      474      390      478      385      484      383
      478     1252      478      389      479     1252
      478      389      478      385      482      385
      483      380      482      385      478      389
      478      386      482      385      504      358
      483      388      478      388      478      384
      484      385      477      387      478      386
      482      405      458      384      483      384
      478     1253      482     1248      482      385
      478      389      504      359      483      385
      479      388      478      385      482      385
      478      385      482      385      478      389
      478     1253      478     1252      478      389
      478      386      481      385      478      389
      478      385      482      385      478     1253
      478      389      478      385      482      385
      478      389      478      385      483      384
      504      363      478      385      478      390
      478      385      482     1248      482      385
      478      389      478      385      483      385
      478      389      479     1251      478     1252
      478      389      478      385      482      385
      478      389      479      384      483      385
      478      385      482     1249      481      385
      482      385      478      389      479      384
      479      389      478      385      482      385
      478      390      478      385      478     1253
      482      384      479     1252      478      389
      478     1252      478     1252      483      385
      478