  5484622

      476      385      483      384      478      389
      478      385      482      385      478    25053
     3518     1677      482     1252      478      389
      478      385      482      385      478     1252
      483      384      479      389      478      384
      479      389      477     1252      479      389
      478     1252      478     1252      482      385
      478     1251      483     1248      482     1248
      482     1252      478     1252      482      384
      479      389      478     1257      473      385
      482      385      478      389      479      385
      481      386      478      390      479      385
      480      385      477      389      478      385
      484     1246      483      385      478     1252
      481      386      479      388      504      359
      482     1248      482     1253      478      385
      482      385      482      385      478      385
      482     1248      483      385      478      389
      478      385      483      384      478      385
      483      384      479      389      478      385
      482      385      478      385      483      385
      478     1252      483     1247      482     1249
      482      385      482      385      478     1252
      478     1252      483     1247      483    35444
     3505     1686      483     1247      483      384
      479      389      478      385      482     1248
      482      385      482      385      478      385
      483      384      478     1252      483      390
      473     1252      477     1252      483      385
      478     1252      483     1248      483     1254
      476     1252      477     1254      479      385
      478      389      478     1252      478      389
      478      385      482      385      478      385
      483      384      479      389      478      385
      482      385      478      384      483      385
      478      389      478     1252      478      389
      478      385      482      386      477      385
      482     1248      483      384      483      385
      478     1252      482      385      478     1252
      478     1253      482     1248      482      385
      482     1248      482     1253      477     1252
      478      389      478     1253      478      385
      482      385      478      389      478      385
      482     1248      483      384      483      385
      478     1252      478     1252      482      385
      478      389      479      384      483    35441
     3510     1681      483     1247      483      385
      482      385      478      385      486     1248
      478      386      484      385      477      389
      477      386      484     1246      481      385
      478     1252      482     1249      482      385
      482     1248      482     1248      482     1252
      478     1252      480     1251      482      385
      478      389      478     1252      478      385
      483      384      478      390      503      359
      483      385      478      389      478      385
      483      384      478      385      482      385
      478      389      478      385      483      384
      479      389      478      385      478      389
      478      385      482      385      478     1253
      482      385      478      384      483     1252
      478      385      482      385      478      385
      482      385      483      385      478      385
      482      385      478     1256      478     1248
      482     1252      478      385      482      385
      478      389      478      385      482      386
      478      389      478      385      482      385
      478      385      482      385      478     1252
      482     1252      478     1252      483     1247
      483     1247      483     1251      478      385
      483      385      477      389      479      384
      483      385      478      392      475      385
      482      385      478      385      482      385
      478      389      478      385      482      385
      478      389      478      385      482      385
      478      389      482      381      482      385
      478     1252      483     1247      482      385
      478      390      478      384      483      385
      478      389      478      385      482      385
      478      389      478      385      478      389
      478     1252      478     1253      484      384
      501      367      477      387      480      384
      480      383      482      385      478      389
      478      385      482      385      478      389
      479      384      483      384      478      385
      483      384      478      390      478      384
      483      385      478     1252      482      385
      478      389      478      385      478      389
      478      385      483     1247      483     1252
      478      385      482      385      478     1252
      482      385      478      389      479      384
      483      385      478     1252      478      389
      478      385      483      385      478      389
      478      385      478      389      478      385
      482      385      478     1252      482      385
      478     1252      478     1252      483     1247
      483     1252      478      389      478      385
      482