  3574983

      476      392      475      385      483      385
      477      385      483      385      478    25066
     3502     1681      481     1254      477      385
      482      385      478      389      485     1246
      478      385      482      385      478      389
      478      385      483     1247      483      385
      478     1252      482     1248      482      385
      482     1248      483     1247      483     1252
      478     1252      482     1248      482      385
      478      389      504     1226      479      389
      478      385      482      385      478      385
      482      385      478      389      478      385
      483      384      479      384      483      385
      478     1252      482      385      478     1252
      483      385      478      385      482      385
      478     1252      483     1247      483      384
      478      389      479      384      483      385
      479     1251      482      385      478      385
      482      385      478      389      478      385
      483      384      479      389      478      385
      482      385      478      385      482      385
      478     1252      483     1247      483     1248
      482      385      483      384      478     1252
      483     1248      482     1248      483    35445
     3505     1685      482     1248      483      384
      479      389      478      385      482     1248
      482      385      478      389      478      385
      483      385      478     1252      478      389
      478     1252      478     1253      482      385
      478     1252      478     1252      483     1248
      482     1248      482     1252      479      385
      482      385      479     1259      476      384
      477      385      483      384      479      389
      479      385      482      384      478      389
      478      385      483      384      478      385
      483      384      479     1252      482      385
      478      385      482      385      478      389
      478     1252      478      390      478      384
      483     1247      483      385      482     1248
      482     1248      508     1226      478      389
      479     1251      478     1252      478     1253
      482      385      478     1252      482      385
      478      385      488      381      477      389
      478     1252      478      389      478      385
      482     1248      482     1253      478      384
      483      385      478      389      478    35450
     3502     1681      482     1252      478      389
      478      385      482      386      478     1251
      483      384      479      384      483      385
      478      389      478     1252      478      394
      473     1252      478     1252      479      389
      478     1252      478     1253      478     1252
      482     1248      482     1248      509      359
      482      385      478     1253      477      390
      478      384      483      385      478      385
      482      385      482      385      478      385
      482      385      478      389      478      385
      482      386      483      384      478      384
      483      385      478      385      482      385
      478      389      478      385      482     1248
      482      385      482      385      478     1254
      477      388      478      385      483      385
      478      389      478      385      482      385
      478      385      482     1253      478     1256
      474     1252      478      389      478      385
      483      385      478      385      482      385
      478      389      504      359      483      384
      479      389      482      381      478     1252
      483     1253      480     1253      476     1250
      480     1251      482     1248      482      385
      478      389      504      359      483      384
      478      385      483      385      478      389
      478      385      482      385      478      389
      479      384      483      384      478      385
      483      385      478      389      478      385
      482      385      478      385      482      385
      478     1252      483     1248      482      385
      482      385      478      389      478      385
      482      385      478      385      482      385
      478      389      478      385      483      384
      479     1251      483     1247      483      384
      479      389      478      385      482      385
      478      389      479      385      478      389
      478      385      482      385      478      389
      478      385      482      385      478      385
      483      385      478      389      478      385
      482      385      478     1252      478      389
      478      385      482      385      479      389
      478      385      482     1248      482     1248
      483      385      482      385      478      390
      478      384      479      389      478      385
      478      389      478     1252      478      390
      478      384      483      385      478      385
      482      385      482      385      478      385
      483      384      479     1252      478      389
      478      385      482     1248      482     1253
      478     1255      475      389      478      385
      482