  3172567

      477      387      480      380      508      359
      482      385      487      376      483    25051
     3513     1681      508     1222      482      385
      482      385      483      380      482     1252
      478      386      482      384      484      384
      482      381      482     1247      483      385
      482     1248      482     1248      482      385
      508     1222      508     1226      479     1251
      483     1247      483     1247      483      384
      483      384      483     1247      488      380
      478      384      489      379      482      385
      478      384      483      385      478      385
      482      385      482      385      478      385
      482     1248      482      385      482     1248
      482      385      482      385      478      385
      482     1247      483     1252      482      385
      482      381      482      385      482      385
      478     1252      482      380      483      385
      482      385      482      381      482      384
      483      385      478      388      479      385
      482      385      478      384      483      385
      482     1248      482     1248      482     1248
      482      385      486      381      482     1248
      482     1248      508     1226      478    35445
     3510     1681      482     1248      483      386
      480      381      482      385      482     1248
      508      359      482      381      482      385
      482      385      478     1252      508      359
      478     1252      483     1247      508      359
      483     1247      482     1248      482     1248
      482     1253      482     1247      483      384
      483      380      483     1252      478      385
      508      359      482      385      478      385
      482      385      482      381      508      359
      482      385      478      385      482      385
      483      384      478     1252      483      380
      508      359      483      384      479      385
      508     1222      482      385      482      385
      478      385      482     1252      478     1252
      483     1247      512      355      483      380
      508      359      483      384      478      385
      483      384      483      384      479     1251
      483      384      478      385      482      385
      486      381      478      385      482      385
      482      381      482      385      482      385
      478      385      482     1252      478    35443
     3535     1655      483     1251      479      384
      483      385      478      385      482     1252
      478      385      508      359      482      385
      504      359      482     1252      504      359
      483     1247      508     1222      483      384
      483     1247      483     1252      478     1256
      479     1247      483     1248      482      385
      482      385      478     1252      482      381
      508      359      482      385      479      384
      508      359      483      380      482      385
      483      384      483      380      483      384
      483      384      479      384      508      359
      483      384      479      384      483      384
      483      385      478      384      483      384
      479      384      483      384      483     1247
      483      384      483      385      478      384
      483      384      483      385      478      384
      483     1247      483     1251      478      385
      483     1247      482      385      508      363
      479      384      478      385      482      385
      478      385      482      385      508      359
      478      385      483      384      483      384
      478      385      508      359      486      381
      479     1251      479      384      483     1252
      478      385      482      385      478      389
      504      359      483      384      479      388
      504      359      483      385      478      385
      482      385      478      384      483      385
      482      385      478      385      482      385
      478      389      478      385      483      384
      478     1252      483     1247      483      384
      483      384      478      385      482      385
      478      390      478      384      483      388
      474      385      483      384      483      385
      478     1252      478     1251      483      384
      479      389      478      384      483      385
      478      384      483      385      482      385
      478      385      482      385      478      389
      478      385      482      385      478      385
      482      385      482      385      478      385
      483      384      478     1252      483      384
      478      385      483      384      483      384
      479      384      483     1251      479     1252
      478      388      480      383      483      384
      479      384      483      384      483      384
      479      384      483     1248      482      385
      482      385      483      380      483      384
      478      390      478      384      483      385
      478      385      482     1252      478      385
      482     1248      482     1256      474     1252
      479     1252      482      385      478      384
      483