  1982730

      473      386      481      385      482      380
      483      385      482      385      478    25057
     3506     1681      483     1252      482      385
      478      385      482      386      477     1252
      484      379      484      384      482      385
      478      385      482     1248      508      359
      482     1248      487     1243      508      359
      483     1247      483     1252      478     1252
      482     1248      483     1251      479      384
      483      384      479     1251      483      380
      483      385      483      384      478      385
      482      385      478      385      484      383
      479      389      478      385      482      385
      478     1252      482      385      478     1252
      479      389      478      384      483      385
      482     1248      478     1252      483      384
      479      384      483      384      479      389
      504     1222      508      359      483      384
      479      388      479      384      483      385
      478      385      482      385      478      385
      482      385      483      385      504      358
      509     1222      486     1244      508     1227
      478      385      482      385      478     1252
      483     1247      483     1251      479    35441
     3508     1685      478     1252      478      389
      479      384      509      359      478     1252
      478      389      479      384      483      385
      478      385      482     1248      482      385
      483     1247      483     1247      483      385
      482     1248      483     1248      484     1249
      479     1252      478     1252      482      385
      478      385      484     1248      482      384
      482      385      478      385      482      385
      478      385      483      384      479      389
      478      385      482      385      478      385
      483      385      478     1253      482      384
      479      384      483      385      478      385
      482     1248      482      385      483     1247
      483      385      479     1251      483      385
      478     1252      478     1252      483     1247
      483     1248      482     1252      478     1252
      479      388      479     1252      478     1252
      478     1252      483      384      483      380
      483      384      479      389      478     1252
      478      385      482      385      479      389
      478      384      483     1248      483    35454
     3510     1675      477     1252      478      384
      478      390      479      383      482     1250
      479      384      478      389      479      384
      483      385      479     1251      478      389
      478     1252      479     1252      478      389
      478     1248      482     1253      478     1252
      482     1248      482     1248      482      385
      482      385      478     1252      482      385
      479      384      483      384      478      389
      479      384      483      385      478      385
      482      385      478      389      478      385
      508      359      479      384      483      385
      479      388      504      359      482      385
      478      385      509      359      478      389
      478      385      482      385      478     1252
      478     1253      482     1248      482      385
      478      385      483      385      478      389
      478      385      482     1248      482     1249
      482     1252      478      385      482      385
      478      389      479      384      483      385
      478      385      482      385      478      389
      478      385      484      384      478      384
      483      385      478      389      480      383
      478      389      504     1226      479      388
      479     1247      483      385      483      384
      478      389      478      385      483      384
      479      385      482      385      478      389
      478      385      482      385      478      385
      482      385      478      390      478      384
      483      384      479      385      482      385
      478     1252      482     1248      482      385
      478      389      478      385      487      380
      479      388      479      384      479      389
      478      385      482      385      478      389
      478     1252      478     1253      478      390
      477      385      482      385      478      385
      483      384      478      390      478      384
      483      385      478      384      483      385
      478      389      478      385      487      380
      478      385      483      385      478      389
      478      385      482     1248      482      385
      478      389      479      384      483      385
      478      389      478     1248      482     1252
      478      385      483      384      479      388
      479      385      482      385      478      384
      483      385      482     1248      483      384
      478      385      483      384      479      388
      479      384      483      385      478      385
      482      385      478     1253      482      384
      479      389      478     1252      478      385
      482      385      478     1252      479     1251
      483