  2909305

      472      387      480      385      478      385
      482      385      478      385      483    25057
     3505     1681      487     1248      478      385
      483      385      478      389      478     1252
      479      384      483      385      478      389
      478      385      483     1252      478      385
      478     1253      478     1254      481      385
      478     1252      478     1252      483     1248
      483     1248      482     1248      509      359
      478      385      482     1248      483      385
      482      389      500      360      482      385
      478      385      483      385      478      385
      482      385      478      390      504      359
      482     1249      482      385      482     1249
      478      389      478      385      479      389
      478     1252      505     1226      478      385
      483      385      482      386      478      385
      478     1252      483      385      478      385
      482      385      478      385      483      385
      478      389      479      384      479      389
      482      381      482      385      478      386
      482     1248      482     1252      504     1227
      478      389      478      385      478     1256
      479     1248      483     1247      483    35444
     3507     1682      482     1248      482      386
      478      389      478      385      486     1244
      483      385      478      385      482      385
      479      389      478     1248      483      385
      482     1248      482     1252      479      385
      482     1248      483     1248      482     1252
      479     1252      478     1253      478      385
      482      385      479     1252      482      385
      479      384      483      385      478      385
      483      385      478      385      482      391
      473      389      478      385      482      385
      479      384      483     1248      483      385
      478      385      482      385      479      389
      478     1252      479      385      482      385
      478      385      483      385      478     1252
      478      389      479     1252      478      385
      482     1252      479      384      483      385
      478     1252      478     1252      483      385
      478      385      482      385      478      385
      483      388      475      389      478      385
      483     1248      482      385      478      389
      478      385      482      385      478    35441
     3509     1686      479     1252      478      389
      478      385      483      385      478     1252
      479      384      483      385      478      389
      479      385      478     1252      487      381
      478     1252      478     1253      478      389
      478     1249      482     1252      478     1259
      472     1252      483     1248      508      359
      478      385      482     1248      508      360
      482      385      478      385      487      381
      478      389      478      385      479      389
      478      385      482      385      478      385
      482      385      479      389      478      385
      482      385      478      385      487      381
      478      385      482      385      478      389
      479      385      482      385      478     1252
      478      390      478      385      478      389
      504      363      479      384      479      384
      483     1248      482     1252      479     1252
      478     1253      478      389      508      355
      482      385      479      385      482      385
      478      389      478      385      478      390
      478      385      482      385      478      385
      483      385      478      393      474      385
      479     1252      483     1248      482      385
      478      389      478      385      479      389
      478      385      482      385      482      381
      483      385      478      385      483      384
      479      389      478      385      478      390
      478      385      482      385      479      385
      482      385      478      389      478      385
      479     1252      478     1252      483      385
      478      385      482      385      478      390
      478      385      482      385      482      381
      483      385      478      389      478      385
      478     1253      482     1248      482      386
      478      385      482      385      478      389
      479      384      483      385      478      385
      482      385      478      390      478      385
      478      389      478      385      483      385
      478      385      483      385      482      382
      482      384      479     1252      478      389
      479      384      483      385      478      385
      483      385      478     1252      479     1256
      474      389      479      384      479      389
      478      385      483      385      478      385
      483      384      478     1253      478      389
      478      389      479      385      478      385
      482      385      478      385      483      385
      478      389      478     1253      478      385
      482     1248      487     1244      483      384
      478     1253      482      385      479      384
      483