  3505608

      476      382      506      360      482      385
      478      385      483      385      478    25054
     3511     1682      508     1223      483      385
      478      384      483      385      478     1252
      483      385      479      385      484      383
      478      385      483     1248      483      386
      477     1253      478     1253      478      385
      482     1249      482     1249      482     1248
      509     1222      483     1248      483      384
      483      385      478     1253      478      385
      483      385      478      385      483      385
      478      385      483      385      478      389
      478      385      483      385      504      359
      483     1248      483      385      478     1252
      479      385      482      385      478      385
      483     1248      483     1248      483      385
      478      389      479      385      482      385
      479     1252      478      385      483      385
      479      384      483      385      478      385
      483      385      478      385      483      385
      478      385      483      385      482      381
      483     1248      483     1248      482     1249
      508      359      483      385      478     1253
      478     1256      474     1253      478    35445
     3513     1676      483     1248      483      385
      478      389      479      385      478     1252
      487      381      504      359      483      385
      478      385      483     1248      482      385
      478     1253      478     1253      482      389
      475     1252      478     1253      478     1252
      479     1252      478     1252      483      385
      482      381      483     1248      482      385
      479      384      483      385      478      390
      478      385      478      390      478      385
      482      385      478      389      479      385
      478      385      483     1248      483      384
      479      385      482      385      479      389
      478     1249      482      386      487      380
      478      385      482      385      478     1253
      478      385      483     1248      482      385
      483     1248      482      390      474      385
      508     1222      483     1248      483      385
      478      389      478      385      483      385
      504      359      483      385      482      381
      483     1248      482      385      479      385
      482      385      479      385      482    35444
     3505     1686      478     1252      479      385
      508      360      477      385      483     1248
      482      385      483      385      478      385
      483      385      478     1252      478      385
      483     1249      482     1252      478      385
      483     1248      483     1248      508     1223
      482     1249      482     1252      478      385
      483      385      478     1252      479      385
      482      385      483      385      478      385
      478      389      479      385      483      384
      479      385      482      385      478      385
      483      385      478      385      482      385
      479      385      482      385      479      389
      478      385      483      384      479     1252
      479      385      482      385      478     1253
      478      385      483      384      479      389
      478      385      483      385      478      385
      482     1249      482     1248      483     1248
      483     1248      483      385      479      389
      478      385      482      385      504      359
      483      385      478      385      483      385
      480      383      483      385      478      385
      482      385      479      385      482      385
      479     1252      478     1253      482      385
      479      385      482      385      478      386
      482      385      479      385      482      385
      479      384      483      385      478      385
      483      385      478      389      478      385
      479      389      478      385      479      389
      478      385      483      385      478      385
      482     1249      482     1248      483      385
      478      390      478      385      478      389
      478      385      483      385      478      385
      488      380      478      385      482      385
      478     1253      478     1253      478      389
      478      385      483      385      478      385
      482      391      472      390      478      385
      478      389      479      385      478      389
      478      385      483      385      478      385
      483      384      479      385      482      385
      483      381      482     1248      483      385
      478      390      478      385      478      390
      478      385      478     1253      482     1252
      479      385      478      385      483      385
      478      385      483      385      478      389
      479      384      479     1252      479      389
      478      385      482      386      478      385
      483      385      478      385      483      385
      478      385      483      385      478     1252
      479     1252      478     1253      479      389
      478     1248      483      385      478      389
      479