  8110724

      502      361      477      384      482      385
      504      363      504      360      482    25052
     3536     1655      508     1227      478      385
      482      385      482      385      478     1253
      504      363      504      359      482      385
      478      385      483     1247      509      359
      482     1248      482     1248      508      360
      508     1222      482     1248      508     1227
      504     1226      504     1227      482      385
      504      359      508     1222      483      385
      478      389      478      385      483      385
      478      385      482      385      478      389
      504      359      483      389      499      360
      482     1248      482      385      483     1248
      482      385      478      389      504      359
      482     1249      486     1244      482      385
      483      385      478      384      483      385
      478     1252      482      386      479      387
      480      385      479      388      506      359
      481      385      502      359      483      385
      503      360      508      359      478      389
      504     1227      503     1227      479     1251
      483      384      478      385      483     1248
      508     1226      479     1251      483    35440
     3535     1656      508     1226      478      385
      482      385      483      384      504     1227
      478      389      478      385      482      385
      478      385      483     1248      508      359
      482     1248      483     1247      508      359
      483     1248      508     1226      504     1226
      478     1252      483     1247      483      384
      483      385      478     1252      478      389
      504      359      486      381      478      385
      508      359      479      389      478      384
      483      384      479      389      504      359
      482      385      504     1226      482      389
      474      385      508      359      479      391
      502     1228      476      385      483      387
      475     1252      482     1248      483     1252
      478      384      483      385      478      389
      504     1226      504     1226      478      390
      478     1253      477     1253      477      390
      504      359      482      385      478      385
      483     1247      509     1226      478     1253
      478     1252      478      389      504     1227
      478     1252      482     1248      483    35442
     3535     1655      483     1252      504      359
      482      385      504      359      483     1248
      508      359      508      359      478      385
      508      359      478     1256      479      385
      478     1252      478     1252      483      384
      479     1252      482     1248      482     1248
      508     1227      478     1252      478      389
      504      360      484     1252      504      360
      477      388      505      357      482      385
      478      385      508      359      478      390
      503      359      509      359      478      385
      508      359      482      385      478      385
      482      386      478      389      503      359
      483      384      479      384      483     1248
      482      385      482      385      478     1252
      483      385      478      385      482      385
      478      385      483      384      478      390
      503      360      508     1222      482     1252
      504     1227      478      389      504      359
      482      385      478      385      482      385
      478      390      503      359      509      359
      478      385      482      385      478      389
      504      360      482      385      503      360
      482     1248      508      359      482     1248
      483      384      483      384      479      384
      483      384      479      389      504      359
      482      385      478      389      504      359
      508      359      478      389      478      385
      482      385      504      359      482      385
      478      389      504      359      483      384
      478     1253      482     1247      483      385
      478      389      504      359      482      385
      478      385      487      380      479      389
      503      360      482      385      478      389
      478     1252      478     1252      478      390
      478      385      482      389      474      385
      508      359      478      389      504     1226
      478      390      478      384      483      385
      503      359      483      385      478      389
      507      356      482      385      478      389
      504      359      482     1248      482      385
      478      389      504      359      483      385
      503      364      478     1257      474     1254
      476      390      506      357      481      385
      504      359      482      385      478      389
      504      359      483     1248      508      359
      478      389      478      385      482      385
      478      385      482      385      478      390
      503      359      483      385      478     1252
      483      384      478     1252      478      389
      478     1252      479     1252      478      389
      504