  1619842

      474      387      476      385      482      385
      482      381      483      384      483    25055
     3505     1682      482     1253      478      385
      482      385      478      389      479     1252
      478      385      482      385      479      385
      482      385      478     1252      483      385
      478     1253      478     1252      478      389
      478     1253      478     1252      478     1253
      478     1252      483     1248      482      385
      478      385      483     1248      482      385
      483      385      481      382      482      385
      478      385      482      385      478      390
      478      385      482      385      478      385
      483     1247      483      385      482     1252
      478      385      478      389      479      384
      483     1248      482     1248      483      385
      482      386      478      384      485      388
      475     1252      479      387      479      386
      482      385      478      383      493      374
      478      389      479      385      482      385
      477      386      485      383      479      388
      478     1253      478     1257      476     1251
      480      385      478      385      482     1251
      479     1253      482     1251      476    35446
     3504     1683      481     1253      477      390
      478      385      482      385      504     1227
      478      385      482      385      478      390
      478      385      481     1249      482      385
      478     1252      508     1222      509      359
      478     1252      483     1248      482     1248
      508     1222      483     1252      478      384
      483      385      479     1252      482      385
      478      385      482      385      478      390
      478      385      482      385      478      385
      483      385      478      385      482      386
      478      385      482     1248      483      385
      482      385      478      385      483      385
      478     1252      479      389      478      385
      482      385      478      385      482      385
      478     1252      479     1252      483      384
      479     1251      479      389      478      385
      483     1247      483     1248      482      385
      482      385      478      385      482      385
      478      390      478      385      481      386
      478      385      482     1248      483      385
      482      385      478      386      482    35436
     3514     1682      482     1247      488      380
      482      385      478      386      482     1248
      482      385      483      384      478      386
      481      386      478     1252      478      395
      473     1252      478     1252      478      386
      479     1250      484     1247      483     1252
      483     1248      482     1248      483      385
      478      385      482     1248      508      360
      482      385      478      385      482      385
      478      389      478      385      483      384
      479      385      482      385      478      389
      478      385      482      385      479      384
      483      385      477      386      483      389
      474      385      508      359      482      385
      478      386      482      385      478     1252
      478      389      479      385      482      385
      478      385      487      380      478      390
      478      385      482     1248      482     1248
      483     1252      478      385      482      385
      478      390      477      385      483      385
      478      385      507      360      478      385
      482      385      482      385      478      385
      483      385      478      385      482      385
      483     1247      483     1248      508      360
      478      385      482      385      478      389
      479      385      482      385      477      385
      483      390      473      385      483      385
      478      389      504      359      482      386
      478      385      483      384      478      389
      479      385      478      389      478      385
      482     1249      482     1248      482      385
      483      384      478      386      482      385
      478      385      483      385      478      389
      479      390      477      385      478      385
      482     1248      483     1247      483      385
      482      385      478      385      483      385
      478      389      483      380      478      389
      479      385      482      385      478      389
      478      385      478      390      478      385
      482      385      478      385      483      384
      479      389      478     1248      483      385
      482      385      478      385      482      385
      478      390      478     1247      483     1253
      478      385      482      385      478      390
      478      385      478      389      478      385
      482      385      479     1252      478      389
      478      386      478      389      485      378
      482      385      479      385      482      385
      478      389      479     1252      478      385
      482      385      478     1253      478      394
      473     1252      504      359      483      385
      478