  1606743

      481      382      480      385      483      385
      478      385      482      386      482    25049
     3513     1681      479     1252      482      385
      478      385      483      385      478     1252
      478      389      479      385      482      385
      478      385      483     1252      478      385
      478     1253      482     1248      483      384
      478     1253      482     1248      486     1245
      482     1248      483     1247      483      385
      482      385      478     1253      478      389
      504      359      483      384      479      384
      483      385      478      385      482      385
      483      385      478      385      482      385
      478     1252      478      390      478     1252
      478      385      483      385      478      389
      478     1248      482     1253      478      385
      482      385      478      389      479      384
      483     1248      483      384      478      390
      504      359      478      389      478      385
      482      385      479      385      482      386
      477      385      483      385      478      389
      478     1253      478     1252      478     1253
      478      389      478      387      481     1253
      477     1248      483     1247      483    35443
     3507     1681      483     1252      478      385
      482      385      478      390      478     1252
      478      385      483      385      478      385
      482      387      477     1252      482      385
      478     1253      478     1257      474      385
      482     1248      483     1252      478     1252
      478     1253      478     1257      478      385
      478      385      483     1248      482      385
      479      385      482      385      478      389
      479      385      482      385      504      359
      487      381      478      385      482      385
      478      385      483     1248      483      385
      482      385      478      385      483      385
      478     1256      474      389      479      385
      478      389      479     1252      478     1252
      479     1252      478     1254      482      384
      504     1223      482      385      483      385
      478     1252      478     1253      478      389
      479      391      476      389      474      385
      482      385      479      385      482     1248
      508     1226      479     1252      478      385
      483      385      482      385      504    35418
     3506     1682      482     1253      478      385
      482      385      478      385      482     1248
      483      385      482      385      478      389
      504      360      478     1252      483      385
      504     1226      478     1252      479      385
      482     1252      478     1253      478     1252
      478     1252      483     1248      482      385
      478      386      482     1252      479      385
      482      385      478      385      483      384
      478      385      483      385      478      389
      478      385      483      384      479      384
      484      384      483      380      483      385
      478      389      478      385      483      385
      504      359      482      385      478      385
      483      385      478      389      478     1252
      479      385      482      385      478      385
      483      385      478      389      478      385
      482      385      478     1253      478      385
      508     1226      479      385      482      385
      478      385      483      385      477      390
      478      385      478      389      478      385
      482      385      479      384      483      389
      474      389      478      385      483      385
      478     1252      478     1253      478      389
      504      359      483      384      479      385
      486      381      478      385      508      360
      478      389      478      385      482      385
      478      386      482      385      478      385
      482      385      479      389      478      385
      486      381      478      385      483      385
      478     1252      478     1253      482      385
      478      385      482      385      478      390
      478      388      475      389      504      359
      483      384      478      385      483      385
      478     1252      483     1247      483      385
      478      389      478      385      482      385
      504      359      483      384      479      389
      478      385      482      385      478      385
      482      385      478      390      478      385
      482      389      474      385      482      385
      478      389      479     1248      508      359
      482      385      478      389      479      384
      478      390      478     1256      474     1252
      479      389      478      385      482      385
      478      385      483      385      478      389
      478      385      478     1258      477      385
      478      385      482      385      478      389
      478      385      483      385      478      384
      483      385      478     1252      483      385
      482      380      483     1248      482     1248
      483      385      482      385      478      389
      478