  1727515

      472      387      481      384      478      385
      482      385      482      381      482    25059
     3502     1685      483     1247      483      385
      478      385      482      385      478     1252
      483      384      478      385      483      384
      483      385      504     1226      478      385
      482     1253      477     1252      482      385
      478     1248      482     1252      483     1247
      483     1248      482     1252      478      385
      482      385      478     1252      483      384
      479      384      483      384      483      388
      501      358      483      385      482      380
      483      384      483      385      478      385
      482     1248      482      385      482     1248
      486      381      482      385      478      385
      483     1247      483     1247      483      385
      508      359      478      389      504      359
      482     1252      478      385      478      389
      479      384      483      384      479      384
      483      385      482      385      478      385
      482      385      478      389      478      385
      483     1247      483     1247      482     1252
      478      389      479      384      483     1248
      482     1251      479     1252      478    35439
     3517     1677      483     1247      509      359
      482      385      478      385      482     1248
      509      358      483      385      478      384
      483      385      478     1252      483      380
      483     1247      483     1252      482      389
      475     1251      479     1252      482     1248
      482     1248      483     1247      483      385
      484      383      478     1252      483      380
      483      384      483      385      478      385
      482      385      483      380      483      384
      483      385      478      388      479      385
      478      385      482     1248      483      385
      482      385      478      385      483      384
      478     1253      482      385      482     1248
      478      385      483     1247      483      385
      482     1248      482     1248      482     1256
      475     1252      482     1248      482     1248
      483      384      483     1247      483     1248
      512     1218      483      384      483      384
      484      379      483      384      483     1247
      483      385      482      381      482      385
      482      385      483     1247      479    35437
     3541     1654      482     1248      482      385
      483      385      478      389      478     1252
      504      359      487      380      478      389
      478      385      482     1248      483      384
      478     1252      483     1247      483      385
      482     1252      478     1248      482     1252
      478     1252      478     1252      508      359
      478      385      493     1237      483      385
      482      385      478      389      504      359
      482      385      478      385      483      384
      478      390      503      359      483      384
      479      384      483      385      478      389
      478      385      482      385      478      389
      479      384      479      389      478      384
      483      385      478      389      478     1252
      478      384      483     1249      481      385
      482      385      478      385      483      384
      479      389      504      359      482      385
      483      380      482     1248      509     1226
      478      385      482      385      478      389
      478      385      483      384      478      385
      483      385      478      389      478      385
      482      385      478      385      482      385
      478      389      478     1252      478      389
      479     1252      482      381      482      385
      478      389      504      359      482      385
      478      385      483      384      479      388
      479      384      483      385      478      384
      483      389      474      389      478      385
      483      384      479      385      482      385
      478     1252      478     1252      483      384
      479      389      482      381      478      389
      478      385      483      384      504      363
      478      385      479      389      478      385
      482     1248      482     1259      471      385
      482      385      478      389      478      385
      482      385      479      384      483      384
      478      390      478      384      483      385
      478      389      482      381      478      389
      478      385      483      384      479      385
      482      385      478     1252      483      384
      479      384      483      385      478      393
      474      385      478     1252      483     1248
      482      385      478      389      479      384
      483      385      478      385      482      385
      482      385      478     1253      478      384
      483      385      478      389      478      385
      478      389      479      384      483      385
      478      389      478     1252      504      359
      483      385      478      385      483      384
      478      389      478     1252      478      385
      483