  3562187

      477      387      479      385      478      390
      477      385      483      380      483    25050
     3513     1680      483     1252      482      385
      478      384      483      385      482     1247
      483      385      478      388      505      359
      482      385      478     1252      482      385
      478     1252      482     1247      483      385
      482     1251      479     1248      482     1251
      479     1251      483     1247      483      384
      483      385      477     1256      478      385
      478      385      482      385      482      381
      482      385      482      385      482      381
      508      359      482      385      478      384
      512     1222      479      384      483     1251
      479      384      509      358      483      384
      478     1252      483     1251      479      384
      478      385      483      384      490      378
      478     1251      483      384      478      385
      508      359      482      385      478      385
      486      381      482      385      478      385
      482      385      482      381      482      385
      482     1247      483     1252      478     1252
      482      385      478      384      484     1247
      482     1252      478     1252      482    35436
     3513     1681      483     1252      482      380
      483      384      483      385      478     1252
      482      381      482      385      482      385
      478      385      508     1222      482      389
      479     1247      483     1252      478      384
      483     1247      483     1252      478     1252
      486     1244      483     1247      482      385
      508      359      478     1252      483      385
      478      385      508      359      482      384
      505      359      482      385      478      385
      482      385      482      385      478      385
      483      384      483     1248      482      385
      478      385      482      385      482      385
      478     1252      482      380      509     1226
      478     1252      482      385      478     1252
      482     1248      482      385      478      385
      482      385      482      385      478      385
      483      384      483      384      479     1251
      478      385      483      385      508      358
      479     1251      483     1247      483     1247
      483     1252      478     1256      478     1248
      482     1248      482      385      482    35442
     3509     1681      482     1248      482      385
      482      385      486      377      482     1247
      483      385      482      385      482      385
      478      385      482     1247      483      384
      509     1225      479     1247      487      380
      483     1252      478     1251      483     1247
      482     1248      486     1248      483      384
      478      385      482     1248      482      385
      482      385      482      381      482      385
      482      387      476      385      486      381
      482      385      478      385      508      359
      482      385      478      385      482      385
      482      381      482      385      482      385
      478      385      482      389      479      384
      479      384      483      384      479     1252
      482      385      478      385      482      385
      482      381      482      385      482      385
      482     1248      483     1247      508      359
      478     1252      483      384      478      385
      482      385      482      385      478      389
      478      385      483      384      478      385
      482      385      482      385      478      385
      482      385      482      381      482      385
      482      385      478      385      486     1248
      478      384      483      385      482      385
      478      385      482      385      482      385
      478      385      482      385      478      389
      478      388      479      385      478      384
      483      384      483      385      478      384
      483      385      482      385      478      384
      483     1247      483     1255      475      389
      478      384      483      385      478      384
      483      385      482      385      478      384
      509      359      482      385      478      384
      483     1251      505     1226      478      385
      508      359      482      385      478      385
      482      385      482      385      478      385
      482      385      482      385      478      384
      483      385      478      384      483      384
      483      385      478      384      483      385
      482      385      478     1252      478      389
      478      385      482      385      478      385
      482      385      482     1248      483     1247
      482      385      483      384      478      385
      483      386      481      385      478      384
      483      385      478     1252      482      385
      478      384      483      385      482      385
      478      385      482      385      483      384
      482      381      482     1248      482      385
      483     1247      482     1252      478      385
      482     1252      478      385      482      385
      478