  1731633

      478      385      479      384      483      384
      479      390      477      385      483    25045
     3519     1677      510     1221      483      385
      478      390      478      385      478     1252
      483      385      478      385      483      385
      478      385      483     1248      482      385
      478     1253      478     1252      483      385
      478     1253      483     1248      478     1252
      479     1252      478     1253      482      385
      478      385      483     1253      478      385
      478      389      478      385      478      390
      478      385      482      385      478      385
      483      385      478      385      482      386
      478     1257      477      385      504     1227
      478      385      482      385      478      389
      479     1248      482     1248      483      390
      503      360      478      385      482      385
      478     1252      483      385      478      385
      482      385      478      389      479      385
      478      389      478      385      482      385
      479      384      483      385      478      385
      483     1247      483     1252      479     1252
      478      394      473      385      478     1253
      482     1248      483     1248      482    35444
     3508     1682      482     1248      482      385
      478      385      482      386      478     1252
      478      390      478      385      482      385
      478      385      483     1248      481      385
      483     1248      483     1248      482      385
      478     1253      482     1247      484     1248
      482     1248      483     1252      478      385
      483      384      479     1252      478      389
      479      385      482      385      504      359
      483      385      478      385      483      385
      478      384      482      386      478      389
      504      359      483     1248      482      385
      478      389      479      385      487      380
      478     1252      479      384      483      385
      478      389      478     1248      482     1252
      479     1257      477     1249      482      385
      478     1253      478      389      478      385
      478     1252      483     1248      490      378
      478      385      482      385      479      389
      478      385      482      386      477     1253
      478     1252      478     1252      483      385
      478      385      482      385      478    35439
     3544     1651      483     1248      483      385
      482      385      478      385      483     1248
      487      380      478      385      483      385
      482      385      478     1248      509      359
      482     1248      483     1247      483      390
      478     1248      483     1247      483     1248
      508     1222      483     1252      478      385
      488      380      478     1252      479      389
      504      359      482      385      478      386
      482      385      478      385      483      385
      478      385      482      390      474      389
      478      385      478      389      478      386
      482      385      478      385      483      385
      478      385      482      385      478      390
      478      385      487      380      479     1251
      479      385      482      385      478      389
      479      385      482      385      504     1226
      479      392      475     1253      477      385
      483     1248      482      385      478      389
      478      385      478      390      477      386
      482      385      478      385      483      390
      473      385      483      385      478      389
      478      385      478      390      477      386
      482     1249      482     1248      483      385
      478      389      504      360      478      389
      478      385      483      385      478      385
      482      385      478      385      483      385
      478      385      483      385      478      394
      473      385      483      385      478      385
      483      385      478      385      482      385
      478     1253      478     1253      477      390
      483      380      484      384      477      385
      483      389      475      385      484      384
      478      385      483      386      478      388
      478     1253      478     1251      479      384
      483      385      478      389      478      385
      479      388      478      387      483      385
      481      381      482      385      479      385
      482      387      477      390      478      385
      477      388      480      386      481      386
      477      385      482     1251      479      401
      466      386      478      384      484      386
      477      386      481     1262      478     1251
      501      358      482      382      480      386
      482      384      477      390      477      386
      478      388      478     1259      475      383
      482      385      478      390      477      384
      496      374      477      384      482      386
      478      386      480     1251      482     1246
      482      385      483     1247      483     1248
      483      385      478      389      478      385
      479