  2181891

      482      381      482      385      482      385
      478      384      483      385      484    25048
     3513     1683      480     1248      508      359
      482      385      478      385      482     1248
      482      385      482      385      483      380
      508      361      481     1247      508      359
      482     1248      508     1223      481      385
      508     1222      508     1226      478     1252
      482     1248      482     1248      482      385
      482      385      482     1248      482      385
      483      380      482      385      482      385
      478      385      482      385      482      385
      478      385      482      385      482      381
      482     1252      482      381      508     1226
      483      380      482      385      483      384
      478     1252      483     1247      483      384
      479      384      483      385      482      385
      478     1252      482      381      482      385
      483      384      478      385      483      384
      483      384      479      384      483      387
      476      384      483      385      482      385
      478     1252      478     1252      483     1247
      483      384      483      380      485     1250
      478     1252      482     1248      508    35415
     3509     1681      483     1247      487      380
      482      385      483      385      478     1251
      483      385      478      384      509      359
      482      381      482     1248      482      385
      482     1248      482     1252      483      380
      483     1247      483     1251      483     1247
      483     1247      483     1252      478      384
      483      385      482     1248      508      359
      482      380      483      385      482      385
      478      385      482      385      482      385
      478      385      482      385      482      381
      508      359      508     1222      508      359
      483      384      479      384      483      385
      482     1248      482      385      478      385
      482      385      482     1248      482     1248
      508     1227      478      384      485      383
      482      385      478      385      508      359
      478      385      482      385      482     1250
      507      359      478      384      483      385
      482      388      475      385      482      385
      482      381      482      385      483      384
      478      385      483     1248      482    35439
     3537     1656      508     1226      482      381
      482      385      483      384      478     1252
      483      385      478      384      483      384
      483      380      483     1247      483      386
      481     1247      483     1252      482      381
      482     1252      478     1252      482     1248
      484     1246      483     1252      478      384
      483      384      483     1248      482      385
      483      380      482      385      482      388
      475      385      482      385      483      380
      483      384      483      385      478      385
      482      385      482      381      482      385
      483      384      478      385      485      382
      483      384      479      384      483      385
      478      384      483      385      482     1247
      483      385      482      385      478      385
      508      361      476      385      483      384
      483     1248      482     1248      508      359
      482     1248      483      384      483      380
      485      382      483      385      478      385
      482      385      482      385      478      385
      482      385      478      385      509      359
      483      384      481      382      483      384
      479      384      484     1254      475     1254
      482      382      478      385      482      385
      479      384      483      384      483      385
      478      385      482      385      478      389
      478      385      482      385      478      385
      482      385      482      385      478      385
      483      384      479      384      483      385
      482     1248      482     1248      482      385
      483      384      478      385      483      385
      478      389      478      385      482      385
      478      385      482      385      482      385
      478     1252      478     1252      482      385
      478      389      478      385      482      385
      478      385      482      385      482      385
      478      385      482      385      478      389
      478      385      482      385      478      389
      478      385      482      385      478      385
      482      385      483     1247      482      385
      478      389      478      385      483      384
      478      385      482     1248      482     1252
      483      384      478      385      482      385
      482      385      478      385      482      385
      478      389      478     1252      478      385
      482      385      482      385      478      385
      482      385      482      385      478      385
      482      385      482     1248      482      385
      478     1251      483     1247      483      384
      483      384      479     1251      483      384
      478