  3215143

      481      382      506      359      482      385
      483      380      508      360      483    25057
     3504     1681      482     1252      483      384
      479      384      485      383      483     1247
      482      385      478      385      482      385
      478      389      478     1252      478      390
      478     1252      478     1252      482      385
      478     1252      478     1252      482     1248
      508     1226      478     1252      483      385
      477      385      483     1248      482      385
      482      385      478      385      508      359
      482      385      478      385      482      385
      478      389      478      385      483      385
      477     1252      483      384      478     1252
      483      384      479      384      483      385
      478     1252      482     1248      482      385
      482      388      475      389      478      385
      482     1248      482      385      478      389
      478      385      483      384      479      389
      478      385      482      385      483      380
      482      385      478      389      478      385
      482     1248      483     1252      478     1252
      478      389      478      385      487     1243
      483     1252      478     1252      478    35449
     3504     1685      478     1252      482      385
      478      389      479      384      483     1247
      483      385      478      389      478      385
      482      386      478     1251      483      385
      503     1227      478     1252      482      385
      478     1253      478     1252      482     1248
      508     1226      483     1247      478      390
      478      384      508     1222      509      359
      482      385      478      385      508      359
      478      389      479      385      482      385
      478      385      482      385      482      385
      478      385      482     1248      483      384
      483      385      478      385      482      385
      482     1248      482      385      478      385
      508      359      483     1248      482      385
      478      389      478      385      482      385
      478     1257      478     1248      482      385
      478     1252      482     1248      482      385
      483      384      478      385      483      388
      475     1253      483      384      479     1255
      481      383      478      383      483     1247
      483     1252      478     1252      482    35442
     3508     1685      478     1252      482      385
      478      385      482      385      479     1252
      482      385      478      385      508      359
      482      385      478     1252      478      389
      504     1227      478     1252      482      385
      478     1257      473     1252      482     1248
      508     1227      478     1252      478      385
      508      359      483     1248      508      359
      478      389      504      359      482      385
      478      385      483      385      478      389
      504      359      482      385      478      385
      487      381      478      389      478      385
      482      385      478      385      482      385
      483      385      478      385      482     1248
      482      385      482      389      474     1252
      482      385      478      385      483      384
      479      389      504      359      483      386
      479      383      483     1250      479     1252
      477     1252      483      385      478      385
      482      385      478      389      478      385
      482      385      478      385      508      360
      482      385      483      380      482      385
      478      389      504      359      486      384
      476     1252      478      389      478     1253
      478      384      483      384      479      389
      504      359      482      385      478      385
      483      385      478      389      478      385
      483      384      479      384      483      385
      478      389      504      359      482      385
      478      385      483      385      478      389
      504     1226      478     1253      478      389
      478      385      483      384      478      385
      483      385      478      389      478      385
      483      385      478      384      483      385
      478     1252      482     1248      482      385
      478      389      478      385      483      384
      479      389      478      385      482     1248
      482      385      478      389      479      384
      483      385      478      389      478      385
      482      385      478      385      482      385
      478      390      477     1253      478      385
      482      385      483      384      478      385
      482      385      478     1252      482     1248
      483      384      483      385      478      384
      483      385      478      393      474      385
      482      385      478     1252      483      385
      478      384      483      385      478      389
      478      385      482      385      478      385
      486      381      482      385      479     1252
      478      389      478     1252      478      385
      482     1248      483     1252      479      384
      484