  3491114

      475      387      480      385      478      389
      504      359      482      385      478    25057
     3509     1682      482     1252      478      385
      482      385      478      390      478     1252
      478      389      478      385      478      390
      478      384      483     1253      477      385
      482     1248      482     1252      478      385
      482     1248      508     1226      478     1257
      478     1248      482     1260      470      385
      482      385      478     1252      483      384
      479      384      483      389      474      389
      478      385      483      384      479      387
      483      384      477      389      478      386
      481     1248      482      384      482     1248
      483      384      479      389      478      385
      482     1248      482     1248      483      385
      482      385      478      385      482      386
      478     1252      482      385      478      385
      482      385      478      390      478      385
      482      385      478      388      480      384
      482      385      478      385      482      385
      478     1252      483     1248      482     1252
      478      385      482      385      478     1252
      483     1248      482     1248      483    35442
     3509     1685      478     1253      477      390
      478      384      483      385      478     1252
      482      385      478      385      482      385
      478      389      478     1252      478      390
      478     1252      478     1256      474      389
      478     1252      479     1252      482     1248
      482     1250      482     1254      477      384
      484      383      477     1252      482      385
      479      389      478      384      483      385
      478      385      482      385      478      389
      478      385      482      385      478      385
      483      384      478     1252      483      385
      478      389      504      359      482      385
      480     1250      482      385      478      385
      482      385      478      389      478      385
      483      384      478      390      478      384
      483     1248      482     1252      478      385
      482     1252      478     1252      478      389
      478      385      482      385      478      389
      478     1252      478      385      482      385
      478      389      478      385      482     1248
      483     1252      478     1251      483    35441
     3508     1686      478     1256      474      389
      478      385      483      384      479     1252
      478      389      478      385      483      385
      478      385      482     1248      483      385
      488     1247      481     1246      482      384
      482     1248      483     1248      482     1248
      483     1252      478     1252      478      390
      478      385      482     1248      483      387
      476      389      478      385      478      390
      504      359      482      385      478      385
      483      385      478      389      478      385
      482      385      478      385      482      385
      478      389      504      359      483      385
      480      387      478      385      482     1248
      482      385      478      390      478     1252
      478      389      478      385      478      389
      504      359      482      385      478      389
      478      385      483     1247      483     1248
      508     1226      478      389      478      385
      483      384      479      384      483      385
      478      389      478      385      482      385
      478      389      478      385      482      385
      478      385      482      385      478      390
      478     1252      478      389      478     1252
      478      385      482      385      478      389
      478      385      488      379      478      390
      478      385      482      385      478      384
      483      385      478      389      478      385
      482      385      478      389      504      359
      482      398      465      389      478      385
      478     1252      482     1252      478      385
      482      385      478      389      479      384
      483      384      508      360      478      384
      483      385      478      385      482      385
      478     1252      482     1248      482      385
      483      384      479      384      483      385
      478      389      478      385      482     1248
      483      385      478      390      478      385
      482      385      478      389      478      384
      482      385      478      389      478      384
      479      389      504     1226      478      390
      478      385      482      385      478      385
      486      381      478     1253      482     1248
      482      385      478      389      478      385
      483      385      478      389      478      385
      478      389      478     1252      478      389
      478      385      483      385      478      384
      483      385      478      389      478      385
      482      385      478      390      478     1252
      504      359      482     1252      478      385
      478     1253      482     1252      478      385
      482