  2727223

      470      391      476      390      474      390
      478      389      474      389      478    25054
     3510     1686      478     1253      478      385
      478      390      478      385      478     1253
      478      389      479      389      474      389
      478      394      474     1253      478      385
      478     1253      478     1253      478      389
      478     1253      478     1253      478     1252
      479     1252      478     1253      478      389
      478      385      484     1247      478      390
      478      389      474      389      479      389
      474      389      478      390      478      385
      478      389      478      385      479      389
      478     1252      479      389      474     1257
      475      389      480      388      478      385
      478     1253      476     1253      478      389
      478      390      474      389      478      389
      474     1257      478      385      479      389
      478      385      478      390      478      385
      478      389      478      390      474      389
      478      390      474      389      478      389
      474     1259      477     1252      478     1254
      477      385      479      389      478     1253
      478     1252      478     1253      478    35444
     3506     1686      478     1253      478      389
      474      389      478      390      478     1253
      478      385      478      390      478      385
      478      389      478     1253      483      381
      478     1252      479     1252      479      389
      478     1253      478     1252      479     1253
      478     1253      478     1253      478      389
      474      390      478     1252      479      389
      478      385      479      390      480      384
      478      389      480      383      478      389
      477      389      474      389      478      390
      478      385      478     1253      478      389
      478      386      478      389      478      385
      479     1252      478      395      473      389
      474     1259      476     1253      478     1254
      477      385      478      390      478     1253
      478      385      478     1253      478      389
      478     1253      478     1253      478      389
      474      389      479      389      474      389
      479     1252      478     1253      478     1253
      478     1253      478      389      478     1253
      478      389      474     1257      478    35442
     3507     1686      478     1252      479      385
      479      388      478      390      473     1257
      478      386      478      389      478      385
      478      389      478     1253      478      389
      474     1261      474     1253      478      387
      477     1254      477     1252      481     1252
      478     1253      478     1252      478      390
      474      389      478     1253      479      390
      477      384      479      389      478      385
      478      390      478      389      474      389
      478      389      474      390      478      389
      478      385      478      390      478      385
      478      390      478      385      478      389
      479      385      478      389      478     1253
      478      389      474      390      478     1252
      478      390      478      385      478      389
      478      386      478      389      478      390
      473      390      478     1252      479     1252
      478     1253      478      389      478      389
      474      390      478      389      478      385
      478      389      479      385      478      389
      478      385      478      390      478      389
      474      389      479      389      478      390
      473     1252      479     1252      478      389
      479      389      474      389      478      390
      473      390      478      389      478      385
      483      385      478      389      474      389
      478      390      473      390      478      389
      478      385      478      390      478      385
      478      389      479      385      478      389
      482     1248      479     1252      478      390
      478      385      478      389      478      385
      479      389      478      389      474      389
      479      398      465      389      479      389
      474     1257      474     1257      478      385
      478      389      478      390      474      389
      478      389      478      386      478      389
      474      390      478      389      474      389
      479      389      474      389      479      389
      474      391      479      388      474      389
      480      389      473     1256      477      389
      474      389      479      389      474      389
      478      389      477     1254      474     1257
      479      388      474      389      478      390
      474      389      478      389      474      389
      479      389      474     1257      474      393
      474      389      478      390      474      389
      478      389      474      390      478      389
      474      389      478      390      474     1256
      479      389      474     1252      479      389
      478     1252      479      389      474      389
      478