  2274399

      501      361      476      389      504      359
      483      384      478      385      508    25029
     3509     1682      483     1252      478      389
      478      385      482      385      478     1252
      482      385      478      385      482      385
      478      389      478     1253      478      389
      478     1252      478     1252      483      384
      478     1252      478     1252      483     1247
      483     1248      482     1252      478      385
      482      385      482     1248      483      385
      478      390      503      359      482      385
      478      385      482      385      478      389
      479      384      483      385      478      385
      482     1252      478      385      483     1248
      482      385      478      389      478      385
      483     1247      483     1254      477      384
      484      386      477      389      478      385
      482     1246      483      384      483      385
      478      385      482      385      478      389
      504      359      482      385      478      389
      479      384      483      384      479      384
      483     1248      482     1252      478     1252
      508      359      478      385      482     1249
      482     1252      478     1252      482    35444
     3509     1681      484     1246      482      385
      483      385      478      385      487     1243
      482      385      483      384      479      385
      482      385      478     1252      483      384
      504     1227      478     1252      482      385
      478     1252      479     1252      482     1248
      482     1248      483     1257      473      385
      483      384      479     1252      482      385
      478      385      482      385      478      390
      504      359      482      385      478      389
      479      384      478      390      479      389
      479      385      477     1252      483      383
      478      385      482      385      478      390
      478     1252      478      385      482     1248
      482      385      483      385      478      384
      483      386      477      389      478      385
      483     1248      482     1248      482      385
      483     1247      483     1248      482      385
      482      385      478      385      483      385
      478      389      504     1226      478      389
      478      385      483      384      478     1252
      483     1247      483     1248      508    35417
     3509     1681      482     1252      478      389
      478      385      483      385      478     1252
      482      385      478      385      483      384
      479      389      478     1252      478      385
      482     1248      508     1227      478      385
      482     1252      478     1257      473     1252
      483     1248      482     1249      483      385
      483      384      480     1251      477      388
      479      384      483      385      478      385
      482      385      478      390      478      385
      482      385      478      385      482      385
      479      384      483      385      478      389
      504      359      483      384      479      384
      483      385      478      389      478     1253
      478      384      483      385      478     1253
      482      385      478      385      482      385
      478      389      478      385      483      385
      478      391      476     1248      508     1226
      478     1252      479      389      478      385
      482      385      478      389      478      385
      482      385      478      385      483      384
      479      389      478      385      482      385
      478      385      482      385      483      384
      479     1252      478      389      478     1252
      478      385      483      385      478      389
      478      385      482      385      478      385
      483      384      478      390      478      385
      485      382      478      385      482      385
      479      389      478      390      477      385
      478      385      482      385      478      390
      478     1252      478     1252      478      389
      478      385      482      385      483      385
      478      385      482      385      478      385
      482      385      478      390      478      384
      483     1247      483     1248      482      389
      479      384      479      384      483      385
      478      389      478      385      482     1248
      483      384      479      389      478      385
      482      385      482      386      478      385
      478      389      478      385      482      385
      478      385      483     1252      478      385
      482      385      478      389      478      385
      484      386      479     1251      478     1251
      482      384      504      363      479      385
      477      389      479      385      482      385
      479      388      478     1248      483      385
      482      385      478      389      478      385
      478      389      478      385      483      385
      478      389      478      385      478     1252
      483      385      478     1253      482      384
      478     1253      478     1252      482      385
      478