  5032450

      480      387      476      385      482      385
      479      384      483      384      483    25051
     3514     1681      482     1248      482      385
      482      385      478      385      483     1248
      482      385      478      389      478      385
      509      358      478     1252      483      385
      478     1252      478     1252      483      385
      478     1253      477     1252      482     1248
      508     1222      483     1252      482      385
      478      385      482     1249      508      358
      483      385      503      359      483      385
      478      389      478      385      482      385
      478      385      482      385      478      389
      478     1257      474      385      482     1252
      478      385      482      385      478      390
      478     1252      478     1252      486      381
      478      385      482      385      478      389
      478     1252      478      385      482      385
      483      384      479      385      483      385
      482      386      478      385      482      386
      477      385      482      384      478      389
      478     1252      478     1252      478     1252
      484      384      478      389      478     1252
      478     1252      479     1251      483    35439
     3514     1681      482     1248      482      386
      477      390      478      384      483     1248
      482      385      478      389      478      385
      482      385      478     1253      482      385
      479     1251      478     1252      483      384
      479     1252      482     1248      482     1248
      482     1253      477     1252      483      384
      479      384      483     1248      482      385
      482      385      478      385      483      384
      479      389      504      359      482      385
      478      385      482      385      486      382
      478      385      482     1248      482      385
      482      385      478      385      483      385
      477     1253      508      359      481     1254
      479     1247      481      385      482      385
      478      385      485      382      479      389
      478     1247      483     1252      478      389
      478     1248      483     1252      478      390
      479      384      482      385      478      385
      483      384      479      384      483     1248
      482      385      482      385      478     1253
      482     1249      481     1248      483    35440
     3514     1681      482     1248      482      385
      482      385      478      385      508     1223
      482      385      482      385      478      385
      482      385      482     1248      482      385
      478     1252      483     1247      487      381
      478     1252      482     1248      482     1252
      478     1252      483     1248      482      385
      478      389      504     1226      478      389
      478      385      482      385      478      385
      483      384      479      392      476      387
      480      385      480      387      505      357
      482      384      478      389      479      384
      505      363      478      384      483      384
      478      390      478      385      482     1248
      509      358      482      385      478     1252
      483      384      478      385      483      384
      478      390      478      385      482      385
      478      385      482     1248      482     1252
      478     1252      483      385      478      385
      482      385      478      389      479      384
      483      385      479      384      482      385
      478      389      478      385      483      385
      478      385      482      385      478      389
      478     1253      478      384      483     1253
      477      385      482      385      478      389
      478      386      482      385      478      384
      483      385      478      389      504      359
      482      385      479      388      478      385
      482      385      479      384      483      384
      478      390      478      384      483      385
      478     1252      482     1249      481      385
      478      389      478      385      482      385
      478      389      479      384      483      385
      478      385      482      385      478      389
      478     1253      477     1252      483      384
      478      390      478      385      478      389
      478      385      482      385      478     1252
      483      389      473      385      483      385
      478      389      478      385      482      386
      477      389      478      385      482      385
      479      384      483     1248      486      381
      482      385      478      385      483      385
      478      389      478     1252      478     1252
      482      385      478      385      482      385
      479      389      478      389      480      383
      478      390      477     1254      477      385
      482      385      479      389      477      384
      484      385      477      385      483      385
      478      392      476      385      482     1248
      483      383      483     1249      480      385
      478     1253      487     1255      471      383
      482