  3534386

      473      390      478      389      474      389
      477      390      478      385      479    25055
     3506     1686      479     1252      479      389
      478      389      474      389      478     1253
      478      389      478      385      478      390
      478      389      474     1253      478      389
      478     1253      478     1253      477      390
      478     1253      478     1252      478     1253
      478     1252      478     1253      478      389
      478      390      475     1256      478      384
      479      389      478      385      478      389
      479      389      474      389      478      390
      474      389      478      390      479      384
      478     1252      479      388      479     1253
      478      385      478      390      478      385
      478     1253      478     1257      473      390
      478      389      474      390      478      389
      478     1253      479      385      478      389
      477      386      477      390      478      389
      476      388      478      390      473      390
      478      389      474      389      478      390
      478     1252      479     1252      478     1252
      479      389      474      389      478     1252
      479     1252      478     1257      474    35441
     3510     1688      478     1252      479      385
      478      389      478      385      479     1252
      478      389      479      389      474      389
      479      389      474     1257      475      388
      478     1253      478     1252      479      389
      478     1253      478     1253      477     1259
      473     1252      478     1253      478      390
      478      385      478     1252      479      389
      478      385      479      389      478      389
      474      389      479      389      474      389
      478      389      474      391      477      389
      479      385      478     1252      479      389
      483      380      478      392      477      389
      474     1253      478      389      478      389
      474     1253      478     1257      474     1257
      473      391      478      389      474     1253
      478      389      479     1252      479      389
      474     1256      479     1252      479      385
      478      390      478      385      478      389
      478     1253      478     1252      479     1252
      479     1253      478      389      474     1257
      474      389      478     1253      478    35443
     3508     1683      478     1257      479      384
      478      390      478      385      478     1252
      479      389      478      389      474      390
      478      389      474     1257      474      394
      473     1252      479     1252      478      390
      478     1252      479     1252      478     1252
      479     1253      478     1252      479      389
      478      389      474     1259      473      388
      478      389      474      393      475      390
      478      384      479      389      478      385
      478      390      478      385      478      408
      459      390      474      389      478      389
      474      390      478      389      478      385
      478      390      478      385      478     1252
      479      389      478      389      474     1257
      474      389      478      390      478      385
      479      388      478      389      475      389
      478      390      473     1257      474     1257
      474     1257      478      384      479      390
      478      385      478      390      473      390
      478      389      479      389      474      389
      478      390      474      389      477     1254
      478     1253      478     1252      479     1252
      479     1252      479     1252      478      390
      474      393      474      390      474      393
      474      389      479      389      473      389
      479      389      474      390      478      389
      474      389      479      389      474      389
      478      390      479      388      475      388
      475      393      474      389      478      390
      474     1257      473     1253      478      390
      478      389      474      395      473      389
      474      389      479      389      474      389
      478      390      473      394      474      389
      479     1251      479     1253      483      384
      474      389      479      389      474      389
      478      389      474      394      473      390
      474      394      473      390      478      389
      474      389      478      395      469      389
      478      390      474      389      478      389
      474      394      474     1252      479      389
      478      389      475      389      478      390
      475      388      479     1252      478     1252
      478      389      474      394      474      389
      474      394      473      390      478      389
      473      407      462     1252      478      389
      474      390      478      389      474      393
      475      389      474      393      474      389
      478      390      474     1256      475      389
      478      389      474     1257      474     1256
      475     1257      474      393      474      389
      474