  1580006

      477      387      476      385      482      385
      478      389      478      385      482    25050
     3539     1655      509     1226      478      384
      483      385      478      389      478     1252
      478      385      482      385      478      389
      478      385      482     1248      482      385
      482     1248      482     1252      478      385
      483     1247      483     1251      482     1248
      483     1247      483     1251      478      385
      483      384      478     1252      483      384
      479      392      475      384      483      385
      478      385      482      385      478      389
      478      385      482      385      478      389
      478     1252      478      389      482     1248
      478      385      482      385      478      389
      479     1251      478     1252      483      384
      479      384      483      385      478      389
      503     1226      479      388      504      359
      483      384      479      384      483      385
      478      389      478      385      482      385
      478      389      478      385      482      385
      478     1252      482     1248      482     1252
      478      385      482      385      478     1255
      479     1248      482     1252      478    35444
     3505     1686      478     1252      483      384
      479      384      483      385      481     1249
      482      385      478      389      478      385
      483      384      478     1252      479      388
      479     1252      478     1252      482      385
      478     1252      478     1252      482     1248
      482     1252      479     1255      475      389
      478      385      482     1248      482      385
      478      389      479      385      482      384
      479      384      483      385      478      389
      478      385      482      385      478      385
      482      385      483     1247      483      384
      479      389      478      384      483      385
      478     1255      479      385      478      393
      474      385      478     1252      482     1248
      482     1253      478      384      483      385
      478      385      482      385      482      385
      478      385      483      384      478     1252
      483      384      478      389      479      384
      483      384      478      389      479      384
      479      389      503      359      483      385
      478      384      483     1253      477    35445
     3505     1682      482     1252      478      390
      478      384      482      385      478     1252
      482      386      478      385      482      385
      478      389      478     1252      478      385
      515     1215      483     1252      478      385
      482     1252      478     1252      478     1252
      483     1247      483     1247      483      384
      483      385      478     1252      478      389
      479      384      483      385      478      384
      483      389      478      385      478      385
      482      385      478      389      479      384
      483      384      479      385      482      385
      478      389      478      385      482      385
      482      381      482      385      478      389
      479      384      483      385      478     1252
      482      385      478      385      482      385
      478      385      483      388      475      389
      478     1252      479     1252      478      389
      478     1252      478      385      483      384
      479      389      478      385      482      385
      478      385      482      385      478      389
      478      385      482      385      478      389
      479      384      483      385      478      385
      482     1252      478     1252      478     1253
      478      389      478      385      482      385
      478      385      482      385      478      389
      482      381      482      385      478      389
      479      384      483      385      478      385
      482      385      478      389      478      385
      482      385      478      385      483      388
      475     1251      483     1248      482      385
      478      389      504      359      482      385
      478      389      479      384      483      384
      482      381      483      384      479      389
      478     1252      478     1252      482      385
      478      385      482      385      478      389
      478      385      486      381      478      389
      478      385      482      385      478      385
      482      385      478      389      478      385
      482      385      478      389      478      385
      482      389      474     1252      483      384
      478      385      483      384      478      389
      478      385      482     1252      478     1252
      482      385      478      385      483      384
      478      389      479      384      478      389
      479      384      483     1247      483      384
      483      385      478      385      482      385
      478      389      478      385      482      385
      478      389      478     1252      478      385
      482     1248      482     1256      474     1252
      483      384      479     1251      479      389
      478