  1704326

      502      361      481      384      479      384
      483      385      478      385      508    25028
     3510     1682      482     1248      486      381
      483      385      478      385      482     1248
      482      385      483      385      478      385
      482      385      478     1252      483      384
      479     1252      478     1252      483      380
      483     1248      482     1248      483     1252
      486     1244      483     1247      483      385
      482      381      508     1223      482      385
      508      359      482      381      482      385
      483      385      478      385      482      385
      482      381      482      386      482      381
      482     1252      478      385      482     1248
      483      385      482      385      478      385
      508     1223      508     1222      508      359
      483      385      504      359      508      359
      483     1252      478      385      478      385
      482      385      478      385      483      384
      479      389      478      385      482      385
      478      385      483      384      478      390
      478     1252      478     1253      478     1252
      482      385      478      385      482     1248
      483     1256      474     1252      478    35441
     3514     1688      474     1248      483      385
      478      389      478      385      482     1248
      486      381      478      390      478      385
      482      385      478     1252      478      390
      503     1227      478     1252      478      389
      478     1252      478     1252      483     1248
      482     1248      482     1253      477      385
      483      386      477     1252      482      385
      478      385      482      385      478      389
      479      384      483      385      477      385
      483      385      478      389      483      380
      483      384      479     1252      478      389
      478      385      483      384      479      385
      482     1248      482      385      483     1252
      478     1248      482     1249      508     1226
      478      385      483     1248      482      385
      486     1244      483      385      478      385
      482     1248      483     1252      478      385
      482      385      478      389      478      389
      478     1248      483     1248      482     1252
      478     1252      483      384      479      384
      483      385      482      381      482    35440
     3510     1681      482     1253      478      389
      478      385      482      385      478     1252
      478      389      478      385      483      385
      478      385      508     1222      483      384
      483     1248      482     1248      483      385
      478     1252      486     1244      483     1248
      482     1252      478     1253      478      389
      478      385      482     1252      479      385
      478      389      478      385      478      389
      478      385      483      385      478      385
      482      385      478      390      478      385
      482      385      482      381      482      385
      478      385      483      385      478      389
      478      385      483      384      479      383
      484      385      478      389      478     1256
      474      385      483      385      478      389
      478      385      482      385      478     1252
      478     1253      482     1248      486      381
      479     1252      482      385      478      385
      482      385      478      390      478      385
      482      385      478      385      482      385
      478      393      475      385      478      389
      478      385      482      385      478      385
      483     1248      482     1248      482      385
      483      385      482      385      478      385
      478      390      478      385      482      385
      478      385      482      385      478      390
      478      385      482      385      478      385
      482      385      478      389      479      385
      482      385      478      385      482      385
      478     1252      508     1222      483      385
      478      389      478      385      482      385
      478      385      482      385      479      389
      478      385      482      385      478      385
      482     1248      482     1252      482      386
      477      385      483      385      478      384
      483      385      478      389      504      359
      482      385      478      385      483      385
      478      389      478      388      479      385
      478      385      482      385      478      390
      478      385      482     1248      482      385
      478      389      478      385      483      385
      481      382      482     1248      483     1247
      483      384      483      385      478      389
      478      385      478      390      478      385
      483      388      474     1253      478      389
      478      385      478      389      479      385
      482      385      478      385      484      383
      479      389      478     1256      474     1253
      478     1252      478     1253      482     1248
      482      385      478      390      478      385
      478