  1927591

      476      387      506      359      478      385
      483      384      482      385      478    25052
     3514     1680      483     1252      478      384
      483      384      479      389      478     1252
      478      389      478      388      479      385
      478      389      478     1252      478      385
      482     1248      482     1252      478      385
      482     1256      474     1254      481     1247
      482     1252      504     1226      478      389
      479      384      483     1248      508      358
      479      389      478      385      482      385
      478      389      478      385      482      385
      478      385      482      385      478      389
      478     1256      474      389      478     1252
      478      385      482      385      483      385
      478     1252      478     1252      486      381
      478      385      482      385      482      385
      478     1252      478      389      478      385
      482      385      478      389      478      385
      482      389      474      385      482      385
      482      385      478      385      483      384
      478     1252      483     1247      482     1252
      482      381      483      384      483     1247
      482     1248      483     1251      479    35439
     3514     1681      482     1248      482      385
      482      385      478      391      477     1247
      483      384      483      384      479      389
      478      385      482     1248      482      385
      487     1243      482     1252      478      385
      482     1248      482     1252      478     1252
      483     1251      479     1247      483      384
      483      384      479     1251      483      385
      478      384      483      385      478      389
      482      381      482      385      478      389
      478      385      482      385      478      385
      482      385      482     1247      483      388
      475      389      478      385      482      385
      478     1252      482      385      478      385
      482      385      482     1248      482      385
      478      389      504     1226      478      389
      478      385      482      385      478      389
      478      385      482      385      478     1252
      478      389      478      385      508      363
      474      389      479      384      483      385
      478     1251      483      384      478      385
      483      384      479     1251      483    35436
     3513     1685      483     1247      478      389
      478      385      483      384      478     1252
      483      384      479      384      483      385
      482      385      478     1256      474      389
      478     1252      478     1252      482      385
      478     1252      478     1252      483     1247
      482     1252      478     1252      483      384
      479      384      483     1248      482      385
      482      390      473      385      482      385
      478      389      478      385      482      385
      478      389      479      384      483      384
      479      384      508      359      479      389
      482      381      482      385      478      389
      478      385      482      385      478     1252
      478      389      504      359      482     1248
      482      389      478      385      478      385
      482      385      478      389      478      385
      483     1247      509     1226      478      385
      482     1249      507      359      482      385
      478      389      478      385      483      385
      478      384      483      385      478      389
      478      385      482      385      478      389
      478      385      482      385      478      385
      482     1248      482     1252      478      389
      478      385      483      384      478      385
      483      384      479      388      479      384
      483      384      479      389      478      385
      482      385      478      385      482      385
      478      389      478      385      483      384
      483      380      483      384      479      390
      477     1252      478     1252      482      385
      478      385      482      385      478      389
      479      389      478      384      479      389
      478      385      478      389      478      394
      473     1248      482     1252      478      385
      483      384      482      386      478      384
      483      385      478      389      478      385
      482      385      478      385      482      385
      478      389      478      385      483      384
      478      393      475      384      483      384
      478      385      483     1247      483      385
      482      385      478      389      478      385
      478      389      478     1256      474     1252
      482      385      478      389      478      385
      482      385      478      389      478      385
      478      389      478     1256      500      364
      478      384      483      385      478      389
      478      385      478      389      478      385
      482      385      478      389      478     1252
      482     1248      478     1252      483     1248
      482      385      482      385      478      385
      482