  1805590

      499      361      480      385      483      380
      483      385      482      385      478    25051
     3513     1682      482     1249      482      385
      478      390      478      385      482     1248
      483      385      478      385      482      385
      478      390      478     1252      478      385
      483     1248      482     1248      482      385
      483     1248      483     1248      482     1248
      483     1252      483     1247      478      385
      483      385      478     1252      483      385
      478      385      482      385      478      385
      483      385      478      389      478      385
      484      384      478      385      482      385
      478     1253      478      389      478     1253
      478      385      482      385      479      384
      483     1248      482     1248      483      385
      482      385      478      385      482      386
      478     1252      482      385      478      385
      483      385      478      385      482      385
      478      390      478      385      482      385
      478      385      482      386      477      390
      478     1248      482     1253      478     1252
      478      390      478      385      482     1248
      483     1248      482     1252      479    35438
     3514     1681      482     1248      483      384
      478      390      504      359      482     1248
      482      385      478      390      482      381
      482      385      478     1252      478      389
      479     1252      477     1253      482      385
      478     1257      473     1252      483     1247
      483     1248      482     1252      478      386
      482      385      478     1256      474      390
      478      385      482      385      478      385
      482      385      478      390      478      385
      482      385      478      385      483      385
      478      388      479     1248      483      385
      482      385      478      385      482      385
      478     1253      478      389      478      385
      482      386      481      381      483      385
      478     1252      483     1248      508      359
      478     1252      479      389      478      385
      482     1252      505     1222      483      385
      478      389      478      385      479      389
      478      385      482      385      478      385
      483      385      482     1248      478      390
      478      385      482      385      504    35416
     3512     1679      508     1226      478      385
      508      360      478      389      478     1253
      478      385      482      385      478      385
      508      359      478     1253      482      385
      478     1253      478     1256      478      385
      478     1253      478     1252      482     1248
      483     1248      482     1248      483      384
      483      385      478     1253      478      385
      482      385      479      389      478      385
      482      385      478      385      483      385
      482      381      482      385      478      390
      478      385      478      389      479      385
      482      385      478      385      482      386
      478      385      482      385      478      393
      475      385      478      389      478     1253
      478      385      482      385      478      390
      478      385      478      389      478     1253
      482      381      482     1248      483     1248
      482     1252      479      384      509      359
      478      389      478      385      482      385
      479      385      482      385      478      385
      482      385      478      390      478      385
      482      386      478      385      482      385
      478     1252      479     1252      478      389
      479      384      483      385      478      385
      482      385      478      390      478      385
      482      385      478      385      483      385
      482      381      482      385      478      390
      478      385      482      385      478      385
      482      385      479      385      482      385
      478     1252      483     1249      481      385
      478      389      478      385      482      385
      479      385      482      385      478      385
      483      385      478      389      478      385
      483     1247      483     1248      482      385
      478      389      478      386      482      385
      478      389      478      385      478      389
      478      386      482      385      478      385
      482      385      478      390      478      385
      478      389      478      385      483      384
      479      389      478     1248      483      385
      482      385      478      385      482      385
      478      389      478     1253      478     1252
      478      389      478      385      483      389
      474      385      482      385      478      389
      478      385      478     1253      482      385
      478      389      478      385      479      389
      478      384      487      381      478      385
      482      385      478     1252      483     1248
      482      385      478     1253      478      389
      478     1256      474      390      478      385
      478