   416677

      513      374      466      371      496      370
      471      421      440      401      491    25041
     3496     1722      470     1237      491      375
      491      396      471      395      485     1248
      439      426      467      399      467      400
      440      426      466     1262      445      420
      442     1292      465     1267      466      395
      471     1262      469     1263      441     1293
      438     1293      466     1262      468      398
      440      426      465     1263      471      395
      445      422      465      375      491      400
      442      425      466      395      470      397
      470      397      469      396      466      400
      467     1266      466      396      444     1288
      441      426      465      401      465      400
      441     1287      446     1287      440      425
      467      400      466      400      441      425
      466     1285      427      416      441      425
      441      426      465      401      440      425
      467      395      471      396      444      422
      440      427      465      400      466      400
      467     1262      440     1292      466     1267
      465      401      440      420      446     1288
      464     1268      440     1292      441    35449
     3525     1697      465     1267      466      396
      470      396      470      396      466     1266
      441      426      465      400      441      425
      441      422      469     1262      445      421
      441     1291      466     1267      441      421
      471     1262      465     1267      465     1263
      444     1288      466     1267      441      399
      491      397      470     1262      470      396
      441      425      441      426      466      395
      471      396      445      421      445      421
      466      400      466      400      441      426
      445      421      465     1263      470      396
      466      401      465      400      466      400
      466     1262      445      421      471      396
      466      400      466      400      441      426
      465      396      470      396      470      396
      441      425      441      426      465      401
      455      407      470     1263      445     1286
      441     1291      491      375      441      421
      471      396      444      422      445     1288
      440     1288      477      388      445      422
      444      422      440     1292      466    35429
     3523     1668      470     1262      470      396
      491      375      466      401      470     1270
      483      395      470      372      495      371
      495      371      466     1262      495      371
      470     1262      480     1253      465      397
      495     1238      470     1262      495     1237
      491     1237      495     1238      469      396
      496      370      467     1266      491      371
      495      370      496      370      497      369
      499      368      466      401      465      400
      493      369      496      370      495      372
      495      371      495      370      497      370
      494      368      495      371      470      395
      497      370      492      375      493     1239
      491      370      497      369      496     1237
      470      396      466      400      492      374
      492      374      491      371      496     1237
      495      371      496      370      491     1241
      491     1237      495      371      495      388
      453      397      470      396      491      375
      491      370      496      375      491      370
      497      370      466      400      495      371
      491      372      494      371      499      367
      471      421      445     1262      491      396
      470     1262      470      371      495      371
      495      371      496      370      496      366
      470      397      495      394      472      375
      491      370      497      370      470      397
      490      376      491      370      496      370
      496      371      495      371      495      370
      471     1262      466     1266      492      370
      496      370      496      370      495      372
      495      371      491      370      497      370
      496      370      495      372      512      359
      486     1241      466     1262      495      372
      494      371      496      370      467      399
      492      371      495      370      471      396
      501      365      496      370      491      376
      490      371      471      395      496      370
      495      372      496      370      495      371
      492      374      492     1237      495      371
      495      371      496      370      466      400
      492      371      494     1238      495     1237
      470      396      491      375      466      421
      471      370      500      392      444      397
      495      370      467     1266      492      370
      495      372      495      370      471      395
      497      382      478      372      495      372
      494      396      471      370      496      370
      496     1237      491      374      467     1272
      485      372      469      397      490     1242
      491