  3787189

      468      391      476      385      482      385
      479      386      483      384      484    25050
     3512     1681      482     1248      483      384
      478      390      478      385      482     1248
      482      385      478      389      479      384
      483      385      478     1252      482      385
      478     1252      478     1252      483      385
      478     1252      478     1252      483     1248
      482     1248      508     1226      478      389
      478      385      483     1248      482      385
      478      389      479      384      483      385
      478      385      482      385      478      389
      478      385      483      385      478      384
      483     1248      482      385      487     1243
      483      385      478      389      478      385
      482     1248      483     1248      482      385
      482      385      504      359      508      359
      479     1252      482      385      478      385
      483      384      479      389      478      385
      482      385      478      385      482      385
      482      386      503      369      473      385
      478     1252      478     1252      483     1248
      482      385      482      385      479     1255
      475     1255      482     1248      481    35440
     3508     1685      478     1257      478      385
      478      389      478      385      482     1248
      482      385      478      390      478      385
      482      385      478     1252      478      389
      478     1253      478     1252      478      389
      478     1253      478     1252      482     1248
      482     1248      482     1258      473      385
      482      385      478     1252      482      385
      478      389      479      384      483      385
      478      385      482      385      478      393
      474      385      483      385      478      385
      482      385      478     1252      508      359
      479      384      483      385      478      389
      478     1256      474      385      483      385
      478      389      478      385      482     1248
      483      384      479      389      478      385
      482     1252      478     1248      483      384
      485     1246      482     1261      473      383
      483      384      478      390      478      384
      482     1247      482      385      478      389
      478     1252      478      390      478     1252
      478     1252      479     1252      482    35441
     3510     1681      482     1252      478      385
      482      385      478      389      478     1253
      478      389      478      385      479      388
      478      385      483     1248      482      385
      482     1248      483     1247      483      385
      482     1248      482     1252      478     1254
      477     1252      482     1248      482      385
      478      389      478     1253      478      385
      482      385      478      389      478      385
      482      385      478      389      478      385
      482      385      478      389      478      385
      483      389      473      385      483      385
      478      389      478      386      482      384
      478      389      478      385      478     1253
      482      384      478      390      504     1229
      476      389      478      385      478      389
      480      383      481      386      477      389
      504      359      483     1248      482     1253
      477     1252      479      389      478      385
      478      389      478      385      482      385
      478      389      478      385      482      385
      479      384      483      384      479      389
      503      360      482      385      478      389
      478     1252      478      385      482     1248
      482      385      483      385      478      389
      478      385      482      385      478      385
      482      385      478      389      478      385
      483      385      478      385      482      385
      478      390      478      384      483      384
      479      389      478      385      478      389
      504     1226      479     1254      482      384
      504      359      483      385      477      388
      479      384      483      385      478      385
      482      385      478      389      478      385
      482     1248      482     1249      482      385
      482      385      478      389      478      385
      478      389      478      385      483     1252
      478      385      482      385      478      385
      483      384      478      390      478      385
      482      385      478      389      478      385
      478      389      479     1252      478      385
      482      385      479      389      478      385
      478      389      478     1253      478     1252
      479      389      478      385      482      385
      478      389      478      385      479      389
      478      385      482     1248      483      387
      476      389      478      385      482      385
      478      389      478      385      479      389
      478      389      478      385      478     1252
      478      389      478     1258      474      390
      477     1252      478     1261      468      389
      478