  2297467

      475      392      476      384      479      389
      478      385      482      385      478    25054
     3513     1681      483     1248      482      385
      482      385      478      385      482     1252
      478      385      483      385      478      384
      483      385      478     1252      483      384
      479     1252      482     1248      482      385
      478     1253      482     1248      482     1253
      477     1252      478     1253      478      389
      504      359      482     1248      508      359
      478      390      478      385      486      381
      478      385      482      385      478      389
      478      385      482      385      478      390
      478     1252      504      359      482     1249
      507      359      483      384      479      384
      483     1247      483     1252      478      389
      504      365      476      385      478      385
      483     1256      476      384      510      358
      478      386      481      384      477      389
      479      385      482      385      478      385
      508      359      478      390      503      360
      508     1222      508     1222      509     1226
      504      359      508      359      479     1252
      483     1247      483     1248      482    35440
     3509     1686      478     1252      508      359
      478      385      483      385      478     1252
      482      385      478      385      483      385
      478      389      504     1226      478      385
      483     1248      508     1226      482      381
      483     1248      482     1252      479     1252
      478     1252      478     1253      483      389
      473      385      482     1253      503      360
      482      385      478      385      482      385
      478      390      503      360      508      359
      478      385      486      381      478      390
      503      360      482     1248      482      387
      479      388      479      385      483      385
      477     1252      477      385      482      385
      478     1252      482     1248      483     1252
      478      385      483     1248      482     1248
      508      359      483     1248      482      385
      478     1252      483     1248      508      359
      478      385      483      385      478      389
      504     1226      478     1253      478     1252
      482     1248      482      385      478      390
      504     1226      478     1252      478    35441
     3513     1682      482     1248      508      360
      482      385      478      385      482     1250
      507      359      508      359      504      359
      482      385      478     1252      483      384
      479     1252      478     1252      487      381
      478     1252      478     1252      508     1222
      483     1248      508     1228      504      360
      482      384      480     1251      481      384
      479      385      482      385      478      389
      504      359      483      385      504      359
      508      359      479      384      483      385
      478      389      504      359      482      385
      479      384      483      385      478      389
      478      385      479      389      504     1226
      479      384      483      385      478     1252
      483      385      478      385      482      385
      479      384      483      385      478      385
      508      359      479     1252      508     1222
      483     1248      508      359      481      387
      504      359      482      385      478      385
      483      385      478      389      504      359
      483      385      478      385      482      385
      478      385      483      384      479      389
      504     1226      479      385      482     1248
      483      385      478      389      478      385
      483      385      504      359      482      385
      478      385      483      385      478      389
      504      359      483      385      478      385
      482      385      478      385      483      385
      478      389      478      385      482      385
      479     1252      478     1257      478      384
      479      384      483      385      478      389
      478      385      483      385      478      385
      482      385      478      385      483      385
      478     1259      476     1248      482      385
      479      385      482      385      478      385
      483      385      478      389      478      385
      483      385      478      389      478      385
      478      389      479      385      482      385
      478      385      482      385      478      385
      483      385      478     1253      482      385
      478      385      482      385      478      389
      479      387      480     1253      480     1247
      481      384      483      385      478      385
      482      386      477      385      483      385
      478      389      478     1252      478      385
      483      385      478      389      478      385
      483      384      479      384      483      385
      478      389      478      385      482     1248
      483      385      478     1252      482      385
      478      385      483     1252      478      385
      482