  4241502

      476      387      480      385      478      385
      509      359      478      385      483    25051
     3547     1650      480     1246      483      385
      478      389      478      385      483     1248
      483      385      478      385      482      385
      479      385      482     1248      483      385
      478     1252      483     1248      482      386
      478     1252      478     1253      482     1248
      508     1223      482     1250      481      385
      479      389      478     1252      504      360
      482      385      478      385      483      385
      478      385      483      385      478      385
      482      385      479      389      478      385
      478     1253      482      385      478     1253
      478      385      483      385      478      385
      482     1251      481     1248      482      385
      478      390      478      385      482      385
      479     1252      504      359      483      385
      478      385      482      385      479      389
      478      385      482      385      479      385
      482      385      478      385      483      385
      478     1252      479     1252      478     1253
      482      385      479      385      482     1248
      483     1248      483     1248      482    35446
     3530     1656      483     1248      483      384
      479      389      478      385      483     1248
      508      360      478      385      482      385
      478      385      483     1249      482      385
      478     1253      478     1252      483      385
      478     1253      478     1252      479     1252
      479     1252      478     1253      478      389
      504      360      482     1249      482      393
      472      385      482      384      478      385
      483      384      479      385      482      385
      478      390      478      385      482      385
      505      359      482     1248      483      385
      478      385      483      385      478      385
      482     1248      483      385      478      390
      478     1248      483      384      483      385
      478     1258      473      389      478     1249
      482      385      482     1248      483      385
      478     1252      479     1252      478      390
      478      385      482      385      478      385
      483     1248      482     1249      482      385
      478      390      478     1256      474     1253
      478      385      483     1248      482    35444
     3504     1687      478     1253      478      385
      482      386      478      385      483     1248
      482      385      479      385      483      385
      478      385      482     1249      482      385
      478     1255      476     1253      482      385
      478     1253      478     1252      479     1252
      479     1252      483     1248      483      385
      478      385      482     1249      482      385
      478      385      483      385      478      385
      483      385      478      395      473      385
      478      389      478      385      479      389
      478      385      483      385      478      385
      484      383      479      385      482      385
      478      389      483      381      478     1252
      479      389      478      385      483     1248
      483      385      478      385      482      385
      478      385      483      389      474      389
      479      385      478     1253      482     1248
      483     1248      482      385      478      390
      478      385      482      386      478      385
      478      390      478      385      478      389
      479      385      482      385      478     1253
      478     1253      478     1256      475     1252
      479      392      477      384      484     1247
      482      384      478      385      483      385
      504      359      484      383      479      385
      482      385      478      390      478      385
      478      390      478      385      482      385
      478      385      483      385      478      385
      482      397      467      385      482      385
      478     1253      478     1252      483      385
      478      385      482      386      478      389
      478      385      489      379      478      385
      478      389      479      384      483      385
      478     1253      478     1252      479      389
      478      385      479      391      477      384
      478      390      478      385      482      385
      478      385      483      385      478      385
      483      387      476      389      478      385
      478      390      478      385      478      389
      479      385      482     1248      483      385
      478      389      479      384      479      389
      478      385      478     1253      482     1248
      483      385      478      389      479      384
      479      389      478      385      478      390
      478      385      482     1248      483      385
      478      389      478      385      478      390
      478      385      482      385      478      385
      483      385      478     1253      478      389
      478      385      483     1248      478      390
      478      385      478     1252      483      385
      478