  1866792

      477      386      506      360      477      389
      479      384      483      384      478    25058
     3535     1655      483     1247      482      385
      482      389      474      389      479     1251
      478      385      482      385      478      389
      478      385      482     1248      482      385
      483     1251      478     1252      478      385
      482     1252      478     1252      478     1252
      482     1248      486     1248      478      389
      478      385      482     1248      482      385
      482      385      478      385      482      385
      478      389      478      388      479      385
      478      389      478      385      482      385
      478     1252      482      385      478     1252
      478      389      478      385      486      381
      478     1252      482     1248      482      385
      482      385      478      385      482      385
      478     1252      482      389      474      389
      478      385      483      384      478      385
      483      384      479      389      478      384
      483      385      478      389      478      385
      482     1251      479     1248      482     1252
      478      389      479      384      483     1247
      483     1251      479     1255      475    35439
     3517     1677      483     1252      478      384
      483      385      478      389      478     1252
      478      385      482      385      486      381
      482      381      482     1252      478      385
      482     1248      482     1252      478      385
      483     1255      475     1251      478     1252
      483     1247      482     1252      479      384
      483      384      479     1255      479      384
      478      389      478      385      483      384
      478      389      479      384      483      384
      479      384      483      384      479      389
      478      388      479     1248      482      385
      482      385      478      385      482      385
      478     1252      482      385      478      389
      478      385      486     1244      482     1252
      479     1251      478      389      479      384
      483      384      479      389      478      385
      482      388      475      385      482     1248
      482      385      482      385      478      385
      482      385      478      389      479      384
      483      384      478      390      481      381
      483      385      478     1252      478    35443
     3513     1681      478     1252      478      389
      504      359      482      385      478     1255
      479      385      479      389      477      385
      483      384      478     1252      482      385
      478     1252      478     1252      487      380
      478     1252      482     1248      482     1252
      478     1252      482     1248      482      388
      475      389      478     1252      478      389
      478      384      483      385      478      389
      478      385      482      385      478      385
      482      385      482      385      478      385
      482      385      478      389      478      385
      482      385      478      385      482      385
      478      389      479      384      483      384
      478      393      475      384      483     1247
      483      385      482      384      479      384
      483      384      479      389      478      385
      482     1248      486     1248      478      385
      482     1248      482      385      482      385
      478      389      504      359      482      385
      478      389      478      385      483      384
      478      385      482      385      478      389
      478      385      482      385      478      389
      478      385      483     1247      482      385
      478     1252      483      384      478      389
      478      385      483      384      479      389
      478      384      483      385      478      384
      483      385      478      389      482      381
      482      385      478      389      478      385
      478      389      479      384      483      384
      479     1251      483     1247      483      388
      475      393      474      385      482      385
      478      389      478      385      482      385
      478      389      478      385      482      385
      478     1252      482     1248      482      385
      478      389      478      384      483      385
      478      389      478      384      483      385
      504      363      478      385      478      392
      475      384      483      385      478      389
      478      385      482      385      478      389
      478      385      482     1248      482      385
      478      389      482      381      483      384
      479      388      479     1252      478     1252
      478      389      478      385      482      385
      478      389      478      389      474      389
      479      384      483     1247      483      384
      483      384      479      389      478      384
      479      388      479      384      483      385
      481      386      478     1252      478      389
      478     1252      478     1252      478      389
      478      385      482      385      478     1255
      479