  1752185

      477      386      476      389      478      385
      482      385      478      385      482    25051
     3514     1681      482     1248      483      384
      479      389      478      385      482     1248
      482      385      478      389      479      384
      483      385      478     1252      478      389
      478     1252      478     1252      482      385
      478     1253      478     1252      482     1247
      487     1248      478     1252      478      389
      478      385      482     1248      483      384
      483      384      479      384      483      385
      478      389      478      385      482      385
      478      385      482      385      478      389
      478     1252      478      389      479     1252
      478      385      482      385      478      389
      478     1252      478     1252      482      385
      478      385      482      385      478      389
      478     1256      474      389      478      385
      483      384      478      385      483      384
      478      390      478      384      483      384
      479      388      479      384      483      384
      479     1251      483     1248      482     1247
      483      385      482      385      478     1252
      482     1251      479     1252      478    35439
     3513     1681      483     1251      504      359
      483      384      479      389      478     1251
      480      388      478      384      483      384
      479      384      483     1251      479      384
      483     1247      483     1251      478      394
      474     1251      478     1252      482     1248
      482     1252      478     1252      478      389
      482      381      483     1247      483      384
      483      385      478      384      483      384
      479      389      478      385      482      385
      478      389      478      389      479      384
      479      384      483     1248      482      385
      482      385      478      385      483      384
      479     1251      483      385      478      385
      482      385      478     1252      483     1247
      483     1248      508      359      482      385
      478      385      482      389      474      389
      479      384      483      385      478     1252
      478      389      478      385      483      384
      478      389      479      384      483      385
      481      381      483      385      478      389
      478      384      509     1222      482    35445
     3505     1685      478     1251      483      385
      478      384      483      388      475     1252
      482      385      478      389      478      385
      483      384      479     1251      478      389
      478     1252      478     1252      482      385
      478     1252      482     1248      508     1226
      478     1252      478     1253      507      359
      478      389      504     1226      478      389
      478      385      482      384      479      389
      478      384      483      384      483      385
      478      384      483      384      478      385
      483      388      475      388      479      384
      483      384      478      389      478      385
      483      384      478      393      475      384
      483      384      479      384      482     1248
      483      384      483      384      478      390
      503      359      483      384      479      389
      481     1249      478     1251      483      384
      478     1252      479      388      478      385
      483      385      478      389      478      384
      487      381      478      389      478      384
      483      384      479      384      483      385
      478      389      478      385      482      385
      478     1252      482     1251      479      385
      478     1252      482      385      478      389
      478      385      482      385      478      389
      478      385      482      385      482      381
      482      385      478      389      478      385
      482      385      478      389      479      384
      483      384      478      385      483      384
      478     1252      508     1222      482      385
      483      384      478      389      478      385
      483      384      478      389      478      385
      478      389      478      385      486      381
      478     1252      482     1252      478      385
      482      385      478      389      478      385
      482      385      478      389      478      389
      474      389      478      385      483      384
      479      389      478      385      482      385
      478      389      478      384      479      389
      478      384      483     1251      479      385
      482      385      478      389      478      385
      482      385      478     1252      478     1252
      482      385      478      393      475      384
      483      384      479      384      483      384
      478      389      479     1251      478      389
      478      385      483      384      478      389
      479      384      483      384      478      389
      478      385      478     1252      482      385
      487     1243      482     1248      482     1256
      474      389      478      385      483     1247
      483