  1658965

      492      397      443      423      470      369
      496      396      470      371      465    25069
     3495     1723      440     1292      445      420
      467      395      446      420      471     1262
      440      426      440      426      441      425
      441      422      469     1263      445      420
      468     1266      465     1266      467      395
      471     1262      444     1288      441     1291
      465     1236      497     1263      469      397
      465      401      440     1287      471      395
      470      397      440      426      470      396
      467      399      466      396      470      397
      444      421      445      424      468      395
      467     1267      439      427      440     1287
      444      427      465      396      465      401
      469     1264      470     1261      440      422
      471      395      445      421      440      427
      439     1292      441      421      445      422
      470      396      465      401      440      425
      442      424      467      399      441      422
      444      423      444      421      445      421
      440     1293      465     1267      466     1262
      444      421      445      421      467     1266
      440     1292      465     1263      470    35424
     3500     1697      490     1265      468      370
      544      347      471      396      444     1288
      470      400      437      425      465      371
      496      396      444     1263      491      399
      470     1238      465     1288      470      395
      471     1262      444     1263      491     1262
      444     1292      466     1262      444      422
      470      395      446     1287      468      373
      491      375      466      421      445      421
      446      420      470      397      465      401
      490      376      466      396      470      395
      471      396      440     1292      466      400
      467      395      470      397      444      423
      468     1263      470      370      465      431
      436      425      467      399      467      395
      495      372      444      435      457      401
      465      396      441      425      440      426
      466      396      470      396      476      390
      496     1236      470      396      470      396
      441      425      466      400      466     1262
      469      396      471     1267      467     1259
      467     1266      465      401      465    35426
     3500     1722      465     1263      444      421
      467      400      440      425      467     1266
      466      396      444      422      444      421
      446      421      441     1292      465      400
      440     1293      465     1262      470      396
      470     1263      465     1241      466     1292
      465     1263      469     1263      440      425
      467      400      466     1262      444      423
      493      371      445      421      444      422
      466      400      441      425      467      374
      492      395      470      397      445      421
      444      421      467      399      467      399
      466      401      465      401      440      426
      466      396      468      397      450     1283
      465      401      441      425      466     1267
      465      397      440      426      470      395
      471      395      440      427      490     1242
      440      425      441      421      470     1262
      467     1266      465      401      440      426
      440      425      467      395      442      425
      466      400      440      434      459      399
      466      400      441      421      445      422
      465      401      440      425      467      400
      441      424      466     1268      465      400
      466     1262      466      401      439      427
      439      426      466      400      441      421
      444      423      444      421      467      404
      462      399      471      395      467      400
      440      426      441      425      437      425
      473      393      441      429      462      400
      442     1291      441     1287      440      426
      466      400      467      399      441      426
      440      426      461      400      467      399
      441      451      415      426      466      401
      440     1292      436     1291      465      400
      467      399      467      400      439      427
      465      401      440      426      437      429
      438      429      435      430      462      403
      437      426      441      425      466      425
      411      431      461      405      436      451
      416      425      440     1298      460      399
      438      429      437      429      461      406
      435      427      465     1267      440     1293
      461      430      410      429      439      453
      437      425      415      451      415      426
      440      451      411     1296      461      431
      410      456      410      451      416      425
      437      429      437      455      411      455
      411      456      411      429      436      455
      407     1322      410      455      412     1321
      436      430      410      426      441     1317
      411