  3717893

      470      383      483      384      479      384
      481      385      478      389      504    25027
     3513     1682      483     1247      483      385
      478      389      478      385      482     1248
      483      384      478      390      478      385
      482      385      478     1252      478      389
      479     1252      478     1252      482      385
      478     1252      478     1253      482     1248
      482     1252      478     1252      478      389
      478      385      483     1247      483      385
      482      385      478      385      487      380
      478      389      479      384      479      389
      480      383      482      385      478      385
      482     1248      483      385      482     1248
      487      380      483      384      479      385
      482     1248      482     1248      483      385
      482      385      478      385      483      385
      478     1256      478      385      478      385
      483      384      478      390      478      385
      482      385      478      385      482      385
      478      389      479      384      487      381
      478     1260      470     1252      483     1248
      483      385      483      385      478     1253
      477     1251      482     1248      482    35439
     3514     1681      482     1248      482      385
      483      385      478      385      482     1248
      482      385      483      384      479      384
      483      385      478     1252      483      385
      478     1252      478     1252      483      385
      478     1252      478     1254      479     1250
      482     1248      482     1253      478      384
      488      380      478     1252      483      384
      478      385      483      385      478      389
      478      385      482      385      478      385
      483      385      478      393      474      385
      482      385      478     1252      482      385
      478      385      483      385      478      389
      478     1252      479      384      486     1245
      482     1252      478     1253      478     1252
      482     1248      482     1252      479     1260
      471      385      483     1251      478      384
      483     1247      483     1252      478      385
      482      385      478      389      504      360
      482      385      478      385      482      385
      478      389      479      384      483     1248
      482     1249      482     1248      482    35439
     3514     1681      482     1254      477      384
      483      385      478      389      504     1227
      478      384      488      380      478      389
      478      385      483     1248      482      385
      478     1252      483     1247      483      385
      478     1252      482     1248      482     1252
      479     1251      479     1252      482      385
      478      385      486     1248      478      385
      483      385      478      389      478      385
      482      385      478      385      483      384
      479      385      482      385      482      389
      474      385      482      385      478      389
      478      385      483      385      478      387
      482      385      479      388      480     1249
      478      385      483      384      478     1252
      483      385      478      385      482      385
      478      385      483      385      478      389
      478      385      482     1248      483     1252
      478     1252      478      385      483      385
      482      385      478      385      482      385
      478      389      478      385      483      384
      479      384      483      385      478      389
      478      385      482      385      478      385
      482     1248      483      384      483     1248
      508      359      482      385      478      385
      482      385      478      389      478      385
      483      384      478      389      479      384
      483      385      478      389      478      385
      478      389      478      385      482      385
      478      389      479      384      483      385
      478     1252      478     1252      482      385
      479      384      483      385      478      389
      478      385      484      384      478      384
      482      385      478      390      477      385
      483     1248      482     1252      478      385
      483      385      478      389      478      385
      482      385      478      385      482     1252
      479      385      482      385      483      380
      482      385      478      389      504      359
      483      385      478      389      478      385
      478      389      478     1252      478      390
      478      388      479      385      478      385
      482      385      478     1252      482     1248
      483      384      478      389      478      385
      483      385      481      386      478      385
      482      385      478     1252      478      390
      478      385      482      385      478      389
      478      385      483      386      478      385
      483      384      480      388      479     1249
      478      385      482     1248      483      384
      483     1248      482     1248      482      385
      483