  1785355

      473      386      482      385      478      385
      482      385      483      384      479    25054
     3510     1682      483     1247      483      385
      478      386      482      385      483     1248
      478      389      478      385      483      385
      477      386      482     1248      483      385
      478     1253      478     1257      478      385
      488     1242      479     1248      483     1252
      483     1248      483     1247      483      385
      478      385      483     1248      482      385
      478      385      483      385      478      389
      479      385      482      385      478      390
      478      385      478      385      482      385
      478     1253      478      389      478     1248
      483      385      482      385      479      385
      482     1248      483     1248      508      359
      482      385      479      385      483      384
      479     1252      478      385      483      390
      473      389      478      385      483      384
      479      385      482      385      478      385
      482      386      478      389      478      385
      483     1248      487     1243      483     1248
      482      385      479      389      504     1222
      483     1253      477     1258      474    35437
     3514     1687      478     1248      482      385
      478      390      478      385      482     1247
      483      385      478      385      483      385
      483      384      478     1253      478      385
      482     1248      483     1248      482      385
      483     1248      482     1253      478     1247
      483     1252      478     1253      478      389
      478      385      478     1253      487      379
      478      386      483      384      479      385
      482      385      478      389      478      385
      483      385      478      385      482      385
      478      385      483     1249      482      385
      482      385      478      385      482      385
      479     1252      477      390      478      385
      482      385      479     1252      478     1252
      483     1248      482     1248      482      385
      483     1248      482      385      478      389
      478     1248      508     1226      479      385
      482      385      478      390      478      385
      482      385      478      385      483     1248
      481     1249      483     1252      478      385
      482      385      478      390      478    35438
     3514     1679      482     1252      483      380
      483      385      478      389      504     1227
      478      385      482      385      478      389
      478      385      483     1248      482      385
      478     1252      483     1248      482      385
      478     1252      483     1248      482     1248
      483     1253      477     1248      508      360
      482      385      478     1252      483      380
      483      385      478      389      478      385
      513      355      477      386      482      385
      478      389      479      384      483      385
      478      385      482      385      478      389
      478      385      478      390      478      385
      483      385      477      386      482      385
      478      385      483      385      478     1252
      483      384      479      385      508      359
      478      385      483      385      478      389
      478     1248      483     1251      479      385
      482     1248      509      359      482      385
      478      385      488      380      478      385
      508      359      477      390      478      385
      483      385      478      385      482      385
      478      385      483      385      478      389
      478     1252      479     1252      478      389
      478      385      482      386      478      385
      482      385      478      385      482      385
      479      389      483      380      483      384
      478      386      482      385      478      385
      483      385      478      385      482      385
      478      390      478      385      482      385
      478     1257      474     1252      478      389
      479      385      482      385      478      385
      483      385      478      385      482      385
      478      390      482      381      482      385
      478     1252      479     1252      479      384
      483      385      478      389      478      385
      483      385      478      390      482      380
      479      385      482      385      478      389
      479      384      483      385      478      385
      483      384      479      385      482      384
      479      389      483     1244      482      385
      482      385      478      385      483      385
      478      389      479     1247      483     1253
      478      385      483      384      479      384
      483      385      478      389      479      385
      477      390      478     1252      478      385
      483      385      478      389      478      385
      478      390      478      385      482      384
      479      385      482     1248      483      385
      482     1248      483     1247      488     1242
      484      385      482      385      478      385
      482