  2688954

      470      385      482      383      478      385
      482      385      483      385      478    25052
     3513     1682      482     1252      478      385
      483      384      478      390      478     1252
      478      385      482      385      478      389
      478      385      483     1247      483      385
      478     1252      482     1248      482      385
      482     1248      483     1247      483     1252
      478     1257      473     1252      483      384
      479      389      478     1252      478      385
      482      385      478      389      478      385
      483      384      482      381      483      385
      478      389      504      359      482      385
      478     1253      478      389      504     1226
      478      385      483      388      475      389
      478     1252      478     1252      478      389
      478      385      483      386      477      385
      482     1248      487      380      482      385
      478      389      479      384      483      385
      478      385      491      376      478      389
      478      385      483      384      479      384
      483     1252      478     1252      479     1256
      476      389      478      385      482     1248
      481     1248      483     1252      478    35441
     3510     1685      478     1252      479      389
      478      385      482      385      478     1252
      479      389      478      385      482      385
      478      385      483     1248      482      385
      482     1248      482     1248      509      359
      482     1248      482     1248      508     1227
      478     1252      479     1252      482      385
      478      385      483     1252      478      385
      482      385      478      385      483      384
      479      389      478      385      482      387
      476      385      482      385      478      389
      483      380      483     1248      482      385
      478      389      504      359      482      385
      478     1253      478      389      478      385
      482     1252      479     1247      483     1252
      504      359      482     1248      483     1259
      473      385      483     1247      480      386
      482     1247      483     1252      478      385
      482      385      478      389      478      385
      483     1248      482     1248      482     1252
      479     1252      478      389      478      385
      482     1248      483     1247      483    35442
     3510     1682      482     1252      478      385
      483      385      478      385      482     1248
      483      385      482      385      478      385
      482      385      478     1253      478      389
      478     1252      478     1254      477      389
      478     1257      473     1253      478     1252
      482     1248      482     1248      483      385
      482      385      478     1256      479      385
      504      359      482      385      478      389
      478      385      482      385      504      359
      509      359      478      389      478      385
      486      381      504      359      487      382
      479      385      508      359      484      383
      504      357      483      385      478     1252
      482      385      504      360      482     1248
      482      385      478      389      504      359
      482      385      478      389      479      385
      482      385      478     1252      478     1252
      483     1248      482      385      478      389
      479      385      482      385      478      385
      482      385      478      389      478      385
      483      385      478      384      483      385
      478      389      478      385      483      384
      479     1252      478      389      478     1248
      483      385      482      385      478      385
      482      385      483      385      478      385
      482      385      478      385      483      385
      482      385      478      385      482      385
      479      384      483      385      478      389
      478      385      482      385      479      385
      482     1248      482     1252      479      384
      483      385      478      389      478      385
      483      385      478      384      483      385
      478      389      478      385      483      384
      478     1252      483     1253      477      385
      478      385      508      359      483      385
      478      384      483      385      478      385
      482      386      483      383      478      385
      483      389      474      385      482      385
      482      385      478      385      482      385
      478      385      483     1248      482      385
      482      385      478      390      482      381
      482      385      478     1252      478     1252
      483      384      479     1252      478      389
      504      359      482      389      474      389
      478      385      478     1252      483      385
      478      389      479      386      478      390
      478      384      484      385      477      387
      479      385      477      390      478      385
      482     1248      482     1252      479      385
      478      389      478     1252      478      390
      478