  6687320

      480      383      506      359      482      381
      482      386      487      380      478    25053
     3509     1687      477     1253      481      386
      477      386      482      385      478     1252
      482      385      478      385      483      385
      478      389      478     1252      478      385
      482     1249      482     1253      477      386
      482     1248      508     1223      482     1253
      477     1253      478     1253      482      385
      478      385      482     1248      487      381
      478      385      482      385      478      390
      478      385      482      385      478      385
      482      386      477      385      482      386
      482     1252      478      385      478     1253
      478      389      504      359      482      386
      478     1252      478     1253      482      385
      482      381      482      385      478      385
      483     1248      482      385      482      386
      477      386      482      385      478      385
      482      386      478      393      474      385
      482      386      477      386      482      385
      479     1252      478     1252      482     1249
      482      385      482      381      482     1249
      507     1227      478     1253      478    35443
     3510     1682      482     1248      508      359
      478      393      474      386      482     1248
      482      385      478      390      477      386
      482      385      478     1252      478      385
      483     1256      474     1252      478      385
      482     1248      483     1252      478     1253
      477     1257      478     1248      508      359
      478      390      504     1222      482      386
      507      360      478      385      482      385
      478      390      481      382      482      385
      478      386      482      385      478      385
      508      359      478     1253      482      385
      478      385      482      386      477      390
      478     1248      482      386      482     1249
      507     1222      482     1249      482     1253
      482      381      482     1248      482      385
      483     1248      482      385      478      385
      482     1249      482     1252      478      386
      482      385      478      389      478      385
      478     1253      482     1248      482     1248
      482     1253      478      385      508      359
      478      389      478      385      482    35438
     3516     1678      482     1248      482      386
      482      385      478      385      482     1249
      481      386      481      386      478      385
      482      385      478     1253      477      390
      478     1253      477     1257      474      389
      478     1253      478     1252      478     1253
      477     1253      482     1252      479      385
      478      385      482     1248      482      387
      481      385      478      385      482      386
      478      385      482      385      478      390
      482      381      482      385      478      385
      482      386      478      385      482      385
      478      389      504      359      482      386
      478      385      482      385      478      393
      474      386      482      385      478     1252
      478      385      482      386      477      390
      503      360      508      359      478     1261
      473     1249      482      385      478      385
      482     1249      482      385      482      385
      478      386      482      385      478      385
      482      385      478      389      504      359
      482      386      477      386      482      385
      478      390      477      386      482      385
      477     1253      478     1256      478      385
      478      386      482      385      478      389
      478      385      482      385      478      385
      483      385      477      390      478      385
      482      385      482      381      482      386
      478      389      478      385      478      389
      478      385      482      386      477      386
      482     1248      482     1257      474      385
      482      385      478      389      478      386
      482      385      478      385      482      385
      478      389      478      385      482      386
      477     1257      474     1252      482      386
      477      386      482      385      478      385
      482      385      478      390      477      386
      482      385      478      389      478      385
      478      390      477      386      482      385
      478      385      482      385      478      390
      477      386      478     1252      482      385
      482      382      482      385      478      389
      478      385      482     1250      481     1248
      482      386      477      390      478      385
      482      390      473      390      477      386
      477      390      478     1252      478      385
      482      385      478      390      478      385
      482      385      478      385      486      381
      478      389      478     1253      477     1253
      478     1252      482      385      478     1252
      478      390      507      356      482      385
      478