  1688544

      475      387      480      385      482      381
      482      385      483      384      478    25055
     3509     1682      482     1253      477      385
      483      385      482      385      478     1252
      483      380      483      385      482      381
      482      385      483     1248      482      385
      478     1252      483     1248      482      385
      478     1252      483     1248      482     1248
      483     1248      482     1249      482      385
      482      385      504     1227      482      381
      508      359      483      385      478      385
      482      385      478      385      484      384
      478      385      482      385      478      389
      478     1248      483      385      482     1248
      482      385      483      385      478      389
      504     1222      482     1248      482      386
      482      385      478      385      482      385
      482     1248      483      385      482      381
      508      359      478      390      478      385
      482      385      478      385      482      385
      478      390      478      385      482      385
      504     1230      475     1252      478     1252
      483      385      479      384      482     1248
      483     1248      483     1256      474    35438
     3514     1682      482     1248      483      385
      478      389      478      385      483     1248
      482      385      478      385      483      388
      475      389      478     1252      479      385
      482     1248      508     1223      482      385
      478     1253      486     1244      482     1249
      482     1248      483     1252      478      385
      483      385      478     1256      475      389
      478      385      482      385      478      385
      508      360      478      385      482      385
      479      385      482      385      478      390
      504      359      486     1244      483      385
      478      385      482      385      478      390
      478     1248      482      385      483      385
      478      385      482      389      474      390
      478     1248      508     1227      478      385
      482     1248      482      385      483      385
      478     1256      474     1253      478      389
      478      385      483      385      478      385
      482      385      478      390      478      385
      478      389      478     1253      478      385
      482      385      478      389      479    35438
     3514     1682      478     1252      482      385
      478      385      483      385      478     1256
      478      385      478      385      483      385
      478      385      482     1248      483      385
      482     1248      508     1226      478      385
      483     1248      482     1248      483     1248
      482     1252      478     1253      481      386
      478      385      482     1249      482      385
      478      385      482      385      483      385
      478      385      482      385      478      389
      478      389      478      386      478      385
      482      385      478      385      482      385
      478      390      478      385      482      385
      478      385      482      386      478      384
      487      381      478      389      478     1252
      479      384      483      385      478      389
      478      385      482      385      478      385
      483     1248      482     1252      478     1253
      478     1252      478      390      478      385
      508      359      478      385      482      385
      482      386      478      385      482      385
      478      385      482      385      478      389
      478      385      482      386      478      385
      482     1248      482     1253      478      385
      482      385      478      385      483      385
      478      389      504      359      483      385
      478      385      482      391      472      389
      478      389      474      390      478      385
      482      385      478      385      483      385
      478      389      478      385      478      390
      503     1227      478     1256      474      390
      478      385      482      385      478      385
      483      385      478      385      482      385
      478      390      478      385      482      385
      478     1256      474     1253      478      389
      478      385      482      385      479      384
      483      385      478      389      478      385
      483      385      481      382      482      385
      478      389      478      385      478      390
      478      385      482      385      478      389
      478      385      479     1252      482      389
      475      385      482      385      478      385
      482      385      478     1253      482     1248
      483      385      478      389      478      385
      482      385      478      385      483      385
      478      385      482     1248      483      385
      482      385      478      385      482      386
      478      389      478      389      474      389
      478      385      483     1248      482      385
      478     1252      479     1252      482      385
      478     1256      475      389      478      385
      482