  3786047

      476      387      480      385      478      385
      483      384      479      384      483    25051
     3518     1676      482     1248      483      384
      483      385      478      384      483     1248
      508      358      483      384      479      384
      483      385      478     1252      482      385
      478     1252      478     1252      486      381
      478     1252      483     1247      483     1247
      483     1252      478     1252      482      389
      500      359      508     1222      482      385
      483      384      479      384      483      385
      478      385      482      385      482      385
      478      385      487      380      479      384
      508     1222      483      385      482     1248
      482      385      483      385      478      384
      483     1248      508     1222      482      385
      483      384      479      384      483      385
      482     1248      482      385      478      385
      483      384      479      388      479      384
      483      385      478      385      508      359
      478      389      504      359      483      385
      478     1252      478     1252      486     1244
      482      385      483      384      504     1226
      479     1251      483     1248      482    35438
     3509     1685      482     1248      483      384
      479      384      483      385      478     1252
      482      385      478      385      482      385
      478      389      478     1256      474      389
      479     1251      479     1251      483      384
      479     1252      478     1252      484     1246
      482     1248      482     1252      478      389
      478      385      482     1248      483      384
      478      389      479      384      483      385
      478      384      483      385      478      389
      478      385      482      385      478      389
      478      385      478     1252      483      384
      479      388      479      384      483      385
      478     1252      478      389      478      385
      482      385      478     1252      482      385
      483     1247      478     1252      482     1248
      482     1252      478     1252      478     1256
      478      385      478     1252      483     1247
      483     1247      483      384      483      384
      479     1252      486     1244      482      385
      478      389      504      359      482      385
      478      389      479     1251      478    35438
     3539     1655      483     1248      482      385
      482      385      478      385      482     1252
      504      359      483      384      479      384
      509      359      482     1248      482      385
      478     1252      482     1248      483      384
      479     1252      482     1248      482     1252
      478     1252      478     1252      483      384
      479      384      483     1248      482      385
      478      389      478      385      486      381
      480      388      478      384      483      385
      478      384      483      385      478      389
      478      385      482      385      478      385
      483      384      479      392      475      384
      483      385      478      385      482      385
      478      389      479      384      483     1248
      482      385      478      385      483      384
      482      386      478      384      483      385
      478      385      482     1248      482     1253
      477     1252      483      384      479      389
      478      385      478      385      482      385
      478      389      479      384      483      384
      479      389      478      384      483      385
      478      385      482      385      482      385
      478      385      483     1247      483      384
      478     1252      483      384      479      384
      483      384      483      385      478      388
      479      385      478      389      478      385
      482      385      478      385      482      385
      478      389      479      384      483      384
      479      384      483      385      482      385
      478     1252      478     1252      478      389
      479      385      482      385      478      385
      482      385      478      389      479      384
      483      385      478      385      482      385
      478     1252      479     1252      482      385
      478      385      482      385      478      389
      479      384      509      359      478      385
      482      385      478      389      479      384
      483      384      479      384      483      385
      478      389      478      385      482      385
      482      381      482     1248      482      385
      483      384      479      388      479      384
      483      385      504     1226      478     1256
      478      385      478      385      483      384
      478      389      479      384      483      385
      478      384      483     1252      504      359
      482      385      482      385      478      385
      482      385      478      385      483      384
      478      389      479     1251      479      388
      479      384      479     1251      483     1248
      482      385      482      385      478     1252
      478