   343129

      486      399      467      371      470      421
      444      397      491      401      494    25013
     3495     1723      469     1237      466      425
      467      399      466      406      460     1268
      465      396      445      396      465      427
      465      401      465     1267      441      420
      445     1293      436     1292      466      399
      466     1263      445     1287      440     1293
      465     1263      470     1261      471      396
      466      400      466     1267      465      400
      466      396      445      421      441      425
      467      399      441      426      445      421
      440      422      446      420      445      421
      467     1266      440      426      466     1262
      470      397      465      400      466      405
      462     1267      465     1262      470      396
      470      370      498      369      491      401
      465     1267      466      396      475      391
      470      397      440      425      441      425
      467      399      466      397      444      422
      465      400      446      421      441      425
      441     1288      469     1263      470     1262
      466      401      465      400      467     1262
      469     1270      463     1262      466    35427
     3552     1666      469     1263      441      410
      482      399      440      427      440     1288
      470      396      470      396      470      402
      460      408      459     1261      470      397
      469     1263      441     1300      431      427
      465     1267      465     1263      446     1286
      465     1267      441     1288      444      421
      471      395      467     1266      465      401
      466      395      446      420      471      396
      469      398      439      401      492      399
      467      395      471      395      445      422
      470      396      465     1268      465      400
      466      401      491      375      465      396
      446     1287      440      426      440      426
      440      426      466      400      466      396
      441      426      465      399      442      425
      467      399      441      426      465      401
      465      396      471     1263      440      426
      465     1267      441      421      445      421
      444      423      439      427      465     1267
      466     1262      465     1268      440     1292
      465     1282      425      421      446    35457
     3521     1691      445     1288      439      426
      441      425      467      395      449     1284
      466      400      441      425      467      399
      440      427      465     1263      466      399
      441     1292      440     1297      460      401
      467     1261      440     1292      466     1266
      440     1289      469     1262      471      396
      469      397      440     1292      466      395
      445      426      440      426      461      401
      466      400      466      400      466      401
      470      396      466      395      446      420
      471      395      445      422      440      426
      466      399      467      400      441      425
      466      401      435      400      467      425
      467      400      466      399      466     1266
      443      419      446      425      436      426
      465      401      466      400      466     1266
      470      397      435      427      465     1267
      440     1292      465      401      465      400
      441      426      466      395      470      398
      465      403      462      400      468      399
      441      425      441      422      440      426
      465      400      442      424      467      400
      441      426      439     1293      441      420
      440     1293      465      404      438      425
      441      425      466      397      465      401
      465      400      467      399      467      400
      440      431      431      431      436      429
      437      425      466      400      440      426
      466      401      440      425      437      455
      437     1270      436     1297      436      437
      429      425      436      431      461      405
      461      404      437      450      442      399
      440      426      441      451      440      400
      442     1317      436     1270      462      399
      467      400      440      451      436      406
      460      430      437      404      437      454
      437      430      411      426      440      451
      411      455      411      429      462      405
      461      431      410      455      412      450
      416      450      411     1322      410      429
      438      429      437      454      411      456
      406      455      416     1317      442     1290
      411      455      437      429      412      450
      411      456      410      456      410      470
      396      455      412     1321      410      456
      410      455      412      455      406      430
      436      431      436      456      409      455
      412      455      409     1324      406     1322
      436      429      411      456      411     1321
      407      459      407      460      405     1323
      410