   787154

      460      405      461      427      466      395
      471      395      471      395      470    25038
     3498     1723      468     1261      474      404
      433      420      446      420      472     1262
      465      400      441      425      441      421
      444      423      469     1238      495      395
      481     1248      470     1263      445      420
      441     1292      465     1263      470     1263
      448     1283      470     1262      444      419
      469      397      470     1237      466      425
      465      402      440      426      465      401
      440      421      445      421      441      426
      440      426      440      426      441      425
      467     1262      469      397      465     1268
      475      391      465      397      469      397
      470     1262      466     1266      440      426
      466      400      467      395      444      423
      469     1237      492      400      467      399
      466      401      466      396      440      425
      467      399      442      425      465      401
      466      415      451      396      467      404
      462     1266      465     1267      466     1262
      470      396      466      401      465     1267
      441     1287      444     1288      441    35456
     3495     1723      440     1292      440      421
      470      397      445      421      444     1289
      470      395      467      395      471      395
      496      371      471     1261      441      399
      495     1264      465     1263      470      400
      436     1292      440     1288      470     1262
      470     1262      466     1267      465      401
      465      397      469     1263      470      395
      441      426      465      401      466      400
      467      399      466      396      470      397
      469      400      437      426      441      425
      440      426      440     1289      445      420
      466      400      470      397      465      402
      465     1263      470      395      470      377
      460      426      465      375      492      400
      441      420      470      402      465      397
      444      421      467      399      492      375
      465      402      440     1287      445      421
      441      425      441      426      440      427
      464      400      467      395      471     1262
      470     1262      467     1262      470      396
      444     1289      466      399      441    35453
     3500     1696      465     1288      471      395
      442      400      490      401      466     1262
      470      370      496      397      469      371
      495      396      442     1287      470      396
      470     1263      466     1266      440      426
      440     1289      470     1262      440     1291
      467     1267      441     1286      444      422
      466      400      469     1260      469      397
      444      421      446      420      446      421
      466      400      466      401      465      381
      485      397      470      395      470      397
      444      422      469      396      441      400
      466      425      466      401      465      397
      469      415      452      395      445     1288
      439      425      472      395      467     1261
      470      397      444      421      471      395
      446      420      442      426      465     1267
      466      395      471      396      444     1288
      444     1288      466      396      444      423
      444      426      461      400      442      424
      467      400      440      426      466      397
      484      381      471      395      466      400
      440      427      440      426      466      399
      467      395      471     1262      440      430
      463     1266      467      399      465      401
      440      422      445      421      467      399
      466      401      466      400      496      365
      471      395      471      396      465      402
      439      427      465      400      467      399
      441      425      441      426      440      422
      466     1266      441     1292      440      426
      440      421      471      395      441      426
      463      403      440      434      458      400
      466      397      471      395      465      401
      466     1267      466     1266      461      401
      440      425      441      426      466      400
      465      402      483      383      465      400
      441      421      467      399      466      401
      465      401      466      400      441      425
      462      400      440      427      440      425
      467      400      466     1273      429      431
      436      425      467      400      441      425
      471      396      465     1263      465     1267
      465      401      465      401      471      395
      466      400      467      395      466      405
      461      401      440     1292      441      425
      436      427      440      426      441      425
      441      425      441      425      441      426
      436      432      460      406      460      404
      462     1267      440      426      440     1292
      462      401      470      396      440     1292
      437
