  1976923

      477      386      482      380      482      385
      483      385      478      385      508    25022
     3518     1677      483     1248      482      385
      483      384      478      385      483     1248
      482      390      477      385      478      385
      483      385      478     1252      482      385
      479     1251      479     1251      479      389
      483     1243      483     1252      478     1252
      483     1247      509     1221      483      385
      482      385      509     1222      478      385
      483      384      479      384      482      386
      482      385      478      386      482      384
      478      385      483      385      478      394
      473     1252      478      385      483     1248
      482      385      482      385      479      384
      483     1248      483     1247      483      385
      482      385      479      384      483      385
      478     1252      479      384      483      385
      478      389      479      384      483      389
      474      385      482      385      478      389
      479      384      479      389      478      385
      482     1248      483     1248      482     1253
      478      385      482      385      478     1252
      478     1253      482     1247      484    35441
     3506     1682      483     1256      474      385
      482      385      482      381      483     1247
      483      385      482      385      479      384
      483      385      482     1248      482      385
      479     1247      483     1252      483      384
      479     1248      482     1251      479     1257
      478     1248      482     1248      482      385
      483      385      478     1251      479      385
      483      384      479      389      483      380
      478      389      505      358      509      359
      478      385      482      385      478      389
      478      385      483     1247      483      384
      479      389      478      385      483      384
      478     1253      478      385      483      384
      479     1252      482     1248      483      385
      483     1247      479     1252      478     1252
      483     1248      482     1257      473     1257
      474      384      483     1248      482     1248
      483     1248      482      385      509      359
      478     1252      483      384      478     1253
      478      385      482      385      478      389
      479      384      483     1248      482    35442
     3505     1683      483     1252      478      385
      482      385      478      385      483     1247
      483      385      483      384      478      385
      483      385      478     1252      488      379
      479     1252      478     1252      478      389
      478     1252      505     1225      479     1257
      478     1247      483     1248      508      359
      479      389      478     1247      483      385
      508      359      479      384      488      380
      478      389      479      384      483      385
      478      384      483      385      478      385
      482      385      479      389      504      359
      482      385      478      390      478      384
      479      389      477      385      483      385
      479      384      508      360      478     1252
      479      384      483     1248      487     1247
      479      384      483      385      478     1252
      483      384      479      384      483     1247
      482     1253      478      385      482      385
      478      389      504      359      508      359
      479      384      483      385      477      390
      478      385      482      385      478      385
      483      385      478      388      479      385
      482      385      478     1251      479      389
      478     1252      479      384      483      385
      484      384      478      384      483      384
      479      384      483      385      478      389
      478      385      483      384      478      385
      483      384      479      385      482      385
      478      387      480      385      483      384
      478     1252      479     1252      482      385
      478      390      478      384      478      389
      478      385      488      380      478      389
      478      385      478      389      478      385
      483     1247      482     1252      479      385
      482      385      478      389      478      385
      478      389      479      384      483      385
      478      384      483      385      478      389
      478      385      483      384      479      384
      483      385      483      384      478      385
      483      384      478     1253      478      389
      478      385      482      385      478      385
      482      385      478     1257      477     1249
      482      385      478      389      478      385
      483      384      479      384      483      385
      478      389      477     1249      482      385
      483      384      479      389      478      385
      478      389      479      384      483      385
      478      384      483     1248      482     1248
      483      385      482      385      478     1252
      479     1251      483     1248      483     1248
      482