  3429667

      502      360      477      385      482      385
      478      389      478      385      483    25052
     3510     1681      482     1253      478      385
      482      385      478      389      478     1249
      486      381      482      385      478      385
      483      385      478     1252      483      384
      478     1253      478     1252      482      389
      475     1252      478     1252      478     1253
      483     1254      478     1247      482      385
      481      385      478     1252      478      390
      478      384      483      385      478      385
      482      385      478      389      479      384
      483      385      478      385      482      385
      478     1253      478      389      481     1249
      478      385      482      385      479      389
      504     1226      479     1252      478      389
      478      385      478      389      478      385
      483     1248      482      385      478      389
      479      385      482      385      479      384
      483      385      478      385      482      385
      479      389      478      385      478      389
      479     1252      478     1253      478     1252
      479      389      478      385      478     1252
      483     1248      483     1248      482    35438
     3514     1682      478     1253      482      385
      504      359      482      385      478     1253
      478      389      478      385      483      385
      478      385      482     1250      483      385
      482     1248      482     1248      482      384
      478     1253      478     1253      478     1252
      483     1248      482     1250      482      384
      478      389      479     1248      482      385
      482      385      479      384      483      385
      478      389      478      386      482      385
      478      385      482      386      478      385
      482      385      478     1253      478      389
      479      385      482      385      478      385
      483     1248      482      385      478     1253
      478     1252      483      385      478     1252
      478     1252      483      385      478     1252
      478      385      483     1248      482      385
      483     1253      477     1248      483      385
      478      389      478      385      483      385
      503      360      482      385      478     1253
      478     1256      479     1257      473     1248
      483      385      478     1252      482    35438
     3521     1678      475     1253      478      385
      483      384      479      389      478     1255
      502      359      482      385      478      385
      483      385      478     1253      478      389
      478     1253      478     1252      478      385
      483     1248      482     1252      479     1252
      478     1252      479     1252      478      389
      481      383      482     1248      482      385
      478      390      478      385      482      385
      478      385      483      385      478      385
      482      385      478      390      478      385
      478      389      478      385      483      384
      479      385      482      385      478      389
      479      385      482      385      504     1226
      479      385      482      385      478     1253
      478      389      478      385      483      389
      474      385      482      385      478      390
      478      385      478     1252      483     1248
      482     1249      482      385      482      385
      478      385      483      385      478      385
      482      385      478      390      478      385
      478      389      478      385      483      385
      478      385      482      389      474      385
      482      385      479      389      504     1226
      478      385      483      385      478      389
      478      385      482      385      478      385
      486      381      479      389      478      385
      478      389      478      385      483      385
      478      389      478      385      478      389
      479      384      483      385      478      389
      478     1248      482     1253      478      385
      482      385      478      385      483      385
      478      389      478      386      483      385
      491      372      483      386      477      389
      478     1251      478     1253      477      389
      478      385      482      385      478      385
      483      384      480      389      477      385
      478      389      479      385      482      385
      478      385      482      385      479      389
      478      385      478      389      504      359
      483      385      478     1252      478      390
      478      385      478      389      478      385
      482      385      479     1252      478     1252
      483      385      478      385      482      385
      478      389      478      385      478      390
      478      385      482     1248      483      385
      478      389      478      385      483      384
      504      359      483      385      478      389
      478      385      479      389      478     1252
      478      385      483     1252      478     1252
      479     1252      478      385      482      385
      478