  1732305

      476      386      483      384      504      359
      482      385      478      385      483    25052
     3535     1657      482     1252      478      385
      482      385      488      380      478     1248
      482      385      483      385      482      381
      508      359      477     1253      483      384
      479     1257      477     1248      482      385
      478     1252      483     1249      482     1248
      482     1248      483     1248      482      384
      483      385      478     1253      482      385
      478      385      482      385      478      385
      483      385      482      390      498      360
      482      385      478      385      508      360
      478     1252      482      385      478     1252
      482      381      483      385      487      380
      478     1252      478     1252      483      384
      479      385      492      374      479      385
      482     1248      483      385      482      385
      478      385      482      385      478      390
      478      384      484      384      478      385
      483      385      478      389      478      385
      478     1257      478     1247      482     1249
      508      359      482      385      478     1252
      483     1247      483     1247      483    35440
     3509     1682      482     1253      477      390
      478      385      482      385      478     1252
      482      385      478      385      488      380
      478      384      483     1248      482      385
      482     1248      482     1248      483      385
      482     1253      503     1222      509     1226
      478     1251      484     1247      482      386
      477      390      477     1258      473      385
      482      384      479      389      479      384
      483      385      478      385      482      385
      478      389      504      359      483      384
      478      390      503     1223      482      385
      482      385      478      385      483      385
      478     1252      482      385      478     1252
      483     1248      482     1248      482     1248
      483      385      478     1251      483      385
      479     1252      483      384      478      385
      483     1248      482     1247      509      359
      478      390      504      359      482      385
      478     1252      478     1252      482     1249
      482     1248      483      385      482      385
      478      385      508      359      478    35441
     3510     1691      472     1253      482      385
      478      385      482      386      477     1253
      482      385      478      385      488      379
      478      390      482     1248      478      385
      482     1248      482     1248      483      384
      483     1248      482     1248      483     1252
      478     1252      482     1248      482      385
      478      390      478     1252      478      385
      487      380      478      389      479      385
      477      390      478      385      483      385
      478      385      482      385      478      385
      483      385      478      389      478      385
      482      385      478      385      483      385
      478      389      478      385      482      386
      478      385      482      385      478     1252
      478      390      503      365      477      385
      478      385      483      385      478      389
      478      385      478      389      479     1251
      479     1252      478      390      508      355
      482      385      478      385      483      385
      478      385      481      386      478      390
      478      385      478      389      478      385
      483      385      478      390      478      385
      478     1252      479     1252      478      390
      478      385      478      389      478      386
      482      385      504      359      487      380
      479      389      478      385      478      389
      504      360      482      385      478      385
      482      385      479      389      478      385
      478      389      478      390      503      360
      478     1252      478     1253      482      385
      478      385      482      385      478      385
      483      385      478      389      483      380
      483      384      479      385      482      385
      478     1252      479     1252      478      390
      478      385      482      385      478      390
      478      385      478      389      478      385
      482      385      478      385      483      385
      478      389      478      385      482      385
      478      385      482      386      482      384
      479      385      482     1248      482      385
      478      389      478      385      483      385
      478      385      482     1247      483     1257
      473      390      477      385      478      390
      478      384      483      385      478      385
      482      385      478     1252      483      384
      479      394      473      385      478      389
      478      385      482      385      486      381
      479      385      478     1252      482      385
      478      389      478      386      478      389
      478     1251      479      389      478      385
      478