  2807184

      477      386      481      390      478      384
      478      385      482      385      478    25052
     3513     1682      482     1252      478      389
      478      385      482      385      478     1252
      478      393      474      385      482      385
      478      389      478     1252      479      384
      483     1248      482     1252      478      385
      486     1248      478     1252      478     1252
      483     1248      482     1248      508      359
      482      389      474     1252      483      384
      504      359      483      385      478      389
      478      385      482      385      478      385
      482      385      478      389      482      381
      483     1247      483      385      482     1248
      482      385      478      389      504      359
      483     1247      483     1248      482      385
      482      385      478      385      482      385
      478     1252      484      383      478      389
      478      385      483      384      483      384
      478      385      483      384      478      385
      482      385      478      389      478      385
      483     1247      482     1252      478     1256
      479      384      478      385      483     1247
      483     1252      478     1252      482    35440
     3508     1686      477     1256      479      385
      478      384      483      385      478     1251
      483      385      478      389      478      385
      482      385      478     1255      479      385
      478     1252      478     1252      482      385
      478     1252      482     1248      483     1251
      479     1252      478     1252      482      385
      478      385      508     1222      508      359
      483      384      479      388      479      384
      479      389      478      385      482      385
      478      385      482      385      478      389
      479      386      481     1247      483      385
      513      354      478      385      482      385
      478     1252      482      385      478      389
      478     1252      478     1252      478     1252
      483     1247      482      385      483      384
      479      384      483      384      483      384
      479      384      483      385      478     1255
      479      385      478      389      478      385
      482      385      478     1252      478      389
      478      385      482      385      478      385
      483      384      487     1243      483    35439
     3513     1681      482     1248      482      385
      478      389      478      385      482     1248
      482      385      486      381      478      385
      483      384      479     1251      483      385
      478     1252      482     1248      482      385
      478     1252      482     1248      482     1252
      478     1252      483     1249      481      385
      477      389      483     1247      479      384
      483      384      483      385      478      384
      483      385      478      389      478      385
      482      385      478      389      478      385
      482      385      478      385      482      385
      478      389      478      385      482      385
      478      389      478      384      483      385
      478      389      478      385      482     1248
      482      385      479      389      478      384
      483      385      478      385      482      385
      478     1252      482     1248      486      381
      482     1248      482      385      482      385
      478      385      482      385      478      389
      504      359      483      384      479      389
      478      388      479      385      478      384
      483      384      479      389      478      385
      482     1248      482     1252      478      385
      482      385      482      386      478      384
      483      385      478      385      482      385
      478      389      478      385      483      384
      479      384      483      384      479      389
      504      362      479      385      478      389
      478      385      483      384      478      385
      482     1248      483     1251      479      389
      478      384      482      386      478      384
      483      385      478      389      478      385
      482      385      478      385      482      385
      478     1252      483     1248      482      384
      483      385      478      385      482      385
      478      389      478      385      482      385
      479      384      483      384      479      389
      478      384      487      381      478      389
      478      385      482      385      478      385
      482      385      478     1252      484      384
      478      389      478      384      479      389
      478      385      482     1248      482     1252
      486      379      481      384      478      389
      479      384      483      384      479      389
      478      385      482     1248      482      385
      478      389      478      385      482      385
      478      389      478      385      478      389
      479      385      482     1252      478      385
      482     1248      482     1252      478     1252
      478      389      478      385      483      384
      478