  3849974

      476      391      502      359      482      385
      478      385      483      385      478    25060
     3507     1683      481     1248      512      355
      483      384      478      385      508     1222
      509      359      482      385      478      385
      509      358      478     1253      482      385
      504     1226      482     1248      508      359
      479     1252      482     1248      482     1252
      479     1252      478     1252      478      389
      504      359      483     1247      483      385
      482      385      478      385      482      385
      478      392      476      385      508      359
      504      359      482      385      478      389
      504     1226      479      389      503     1227
      478      385      482      385      478      389
      504     1226      478     1252      483      385
      478      385      482      385      478      389
      504     1226      478      385      483      384
      478      390      504      359      508      359
      478      385      482      385      483      385
      504      359      482      385      478      389
      504     1226      478     1253      478     1252
      508      359      478      385      483     1247
      508     1227      478     1252      483    35442
     3506     1686      478     1252      482      385
      478      385      483      385      478     1252
      508      359      478      385      482      385
      478      390      478     1252      478      385
      482     1253      478     1252      478      385
      482     1254      477     1252      478     1252
      478     1253      508     1222      508      359
      482      385      479     1252      478      385
      482      385      483      385      478      385
      482      385      478      390      503      359
      482      385      504      359      483      385
      478      389      504     1226      478      385
      482      385      478      389      504      359
      487     1243      508      359      509      359
      478     1252      478     1252      482      385
      478      385      482      385      483      388
      475     1252      478     1252      482      385
      478     1252      483     1247      483      385
      478      389      507      356      482      385
      478     1252      478     1253      482     1248
      508      359      482      385      478     1256
      474     1252      483     1248      482    35444
     3510     1684      476     1252      482      385
      478      385      482      385      478     1253
      482      385      478      385      508      359
      483      384      478     1252      478      390
      503     1227      478     1252      478      389
      479     1252      478     1252      478     1252
      483     1248      482     1248      508      360
      508      359      478     1253      478      385
      482      385      478      390      503      360
      508      359      504      359      508      359
      479      394      499      359      508      359
      504      359      483      385      478      385
      482      392      472      389      478      384
      483      385      478      389      478     1256
      474      385      482      385      478     1253
      482      385      478      385      508      359
      482      385      504      359      483      384
      478      393      501     1226      478     1252
      478     1252      509      359      478      385
      482      385      478      389      510      353
      485      385      502      359      482      385
      483      385      480      382      508      359
      478      389      504      359      508      360
      503     1227      478      389      505     1225
      478      385      483      384      479      389
      504      359      508      359      478      385
      482      385      478      390      504      359
      482      386      503      359      482      385
      478      389      479      384      483      385
      503      364      504      359      482      385
      504     1226      504     1227      490      377
      478      385      508      359      478      389
      480      383      482      385      478      389
      504      359      483      384      504      359
      508     1228      477     1252      478      389
      504      359      482      385      478      389
      504      359      483      384      478     1252
      479      389      503      359      483      385
      478      389      478      385      482      385
      478      389      478      385      478      389
      504      359      482     1248      508      359
      482      385      478      389      479      384
      483      385      478     1252      478     1252
      482      385      504      363      483      380
      478      390      478      385      482      385
      478      389      504     1226      478      389
      478      385      478      389      504      359
      483      389      474      389      504      359
      482      385      478      385      482     1252
      504      359      482     1248      483      385
      482     1252      478     1248      508      359
      483