  1629302

      502      360      477      389      478      385
      489      379      478      385      482    25053
     3539     1652      482     1248      483      385
      508      359      482      381      483     1251
      480      384      486      381      478      384
      483      385      482     1248      482      385
      478     1253      482     1249      507      359
      478     1253      482     1248      482     1248
      482     1248      508     1228      477      385
      482      386      477     1253      482      385
      478      385      482      385      479      385
      482      385      482      385      478      385
      484      384      478      385      482      385
      482     1248      483      384      479     1252
      482      385      478      385      482      385
      478     1258      473     1252      482      385
      478      385      483      384      478      390
      478     1252      478      385      483      385
      482      381      482      385      483      384
      479      385      482      385      478      385
      482      385      478      390      503      360
      482     1248      483     1252      478     1248
      482      385      483      385      478     1253
      478     1252      478     1253      482    35438
     3509     1690      474     1252      483      385
      478      385      482      385      478     1252
      478      390      478      385      482      385
      478      389      478     1248      483      384
      483     1248      508     1222      482      385
      483     1248      482     1252      479     1252
      478     1252      479     1252      478      389
      478      385      482     1248      483      385
      478      389      478      385      482      386
      477      385      483      385      478      385
      482      385      482      385      478      385
      483      385      478     1256      478      385
      478      385      483      385      478      385
      482     1248      508      359      483     1248
      482     1248      483     1248      482     1253
      478      384      483     1248      482      385
      483     1248      482      385      478      389
      479     1248      482     1253      478      385
      482      385      478      385      482      385
      478     1253      482     1252      479     1247
      483     1252      478      385      483      385
      478      385      482      385      478    35447
     3506     1681      483     1253      477      385
      483      385      478      385      482     1248
      483      385      482      385      504      359
      483      385      478     1252      483      384
      478     1253      478     1253      478      385
      482     1248      483     1248      508     1231
      474     1252      479     1257      475      388
      503      360      482     1248      483      386
      479      383      482      385      480      384
      482      385      478      389      478      385
      483      385      478      385      482      385
      479      385      483      384      478      385
      483      385      478      390      478      385
      478      389      478      385      483      385
      478      385      493      375      477     1253
      478      389      478      385      482      385
      480      384      482      385      478     1253
      477      390      504      359      482     1248
      482     1248      483      385      482      386
      478      384      483      385      478      385
      482      385      478      390      478      385
      482      385      478      385      482      385
      478      390      478      385      479      389
      477     1253      478     1252      478      389
      478      385      483      385      478      385
      482      385      478      389      478      390
      478      384      479      385      482      385
      478      389      478      385      483      385
      478      385      482      385      478      385
      482      385      479      389      482      381
      482     1249      483     1247      482      385
      478      389      478      386      482      385
      478      385      482      385      482      385
      478      385      483      385      478      389
      478     1252      478     1252      478      389
      478      385      483      385      503      360
      482      385      478      389      478      385
      478      390      478      385      482      385
      478      389      478      385      478      390
      478      385      482      385      478      385
      483      385      478     1252      478      389
      478      385      483      389      474      385
      483      385      478     1252      478     1253
      482      385      478      385      482      386
      478      389      478      385      478      389
      479      385      478     1252      483      385
      478      385      488      379      478      390
      478      385      478      389      478      385
      483      385      478     1252      478     1252
      483      385      478      389      478      385
      478     1253      478      389      478      385
      483