  3614019

      480      383      476      389      504      359
      482      385      478      385      483    25058
     3505     1681      483     1252      478      385
      482      385      478      389      478     1249
      482      385      482      385      478      385
      483      384      479     1252      482      385
      478     1253      478     1252      478      390
      478     1252      478     1252      479     1252
      482     1248      483     1253      477      385
      478      390      478     1252      479      385
      482      385      478      385      483      385
      478      385      482      385      479      389
      482      381      478      390      478      385
      482     1248      483      385      478     1252
      478      390      478      385      482      385
      478     1257      474     1252      478      390
      478      385      482      385      478      385
      483     1253      478      384      478      390
      478      389      474      389      478      385
      483      385      478      385      482     1252
      479      385      478      389      478      385
      483     1248      486     1244      483     1248
      482      385      483     1248      482     1248
      483     1248      483     1256      474    35444
     3509     1681      483     1247      483      385
      478      389      504      359      483     1248
      482      385      478      390      478      384
      478      390      478     1252      478      385
      483     1248      482     1252      479      385
      482     1248      482     1253      503     1227
      478     1252      479     1252      482      385
      478      385      483     1248      482      385
      478      389      478      385      483      385
      478      385      482      385      478      389
      478      385      485      383      478      385
      482      390      473     1253      478      389
      478      385      482      385      478      385
      483     1248      482      385      483     1248
      486     1244      482      385      478     1253
      482     1248      482      385      479     1252
      482      385      478     1256      475      389
      478     1248      482     1253      478      385
      483      384      479      389      478      385
      478      389      482      381      483     1248
      483     1253      479     1253      477     1251
      478      385      482     1249      482    35437
     3514     1682      482     1248      483      385
      478      389      478      385      479     1252
      482      385      478      386      482      385
      479      384      483     1248      482      385
      479     1252      482     1249      482      385
      478     1255      476     1252      483     1248
      482     1248      509     1222      482      386
      482      385      504     1226      484      380
      482      385      478      390      478      385
      478      389      504      360      478      389
      478      385      483      385      478      385
      482      385      478      387      482      384
      478      390      504      359      478      389
      478      385      483      385      478     1252
      504      363      479      385      478     1258
      477      385      478      385      508      359
      478      385      509      359      478      389
      478      386      483     1250      482     1250
      480     1246      483      385      478      389
      478      385      483      385      478      385
      482      385      478      385      483      385
      478      389      478      385      483      385
      478      385      482      385      478      385
      483      385      478     1252      483      385
      478     1252      479      385      482      385
      478      392      476      385      482      385
      478      385      482      385      478      385
      483      385      482      385      478      385
      483      385      478      385      482      385
      478      389      478      385      483      385
      478     1252      478     1253      478      385
      483      384      509      359      478      385
      482      385      478      385      482      385
      483      385      478      385      482      385
      478     1252      483     1248      482      385
      478      385      508      359      483      384
      479      385      482      385      478      385
      482      385      483      385      478      385
      488      379      478      385      482      385
      478      390      478      385      482      385
      478      385      482     1248      482      385
      483      385      478      385      482      385
      478      394      473     1253      478     1252
      478      389      479      384      479      389
      478      385      482      385      479      389
      478      385      478     1252      478      389
      479      385      482      385      478      389
      479      384      479      389      478      385
      478      389      479      385      482     1252
      479      385      478     1252      478     1252
      483      385      478      389      478     1252
      479