  1683262

      477      387      480      385      478      385
      482      385      483      380      483    25057
     3531     1656      482     1253      477      385
      483      385      478      389      478     1253
      478      385      482      385      478      385
      483      385      478     1253      482      385
      504     1226      478     1253      478      389
      478     1248      482     1253      478     1256
      479     1248      482     1248      482      386
      478      389      478     1252      478      385
      483      385      478      388      479      385
      478      390      478      385      482      385
      478      385      483      385      478      385
      482     1248      482      385      483     1251
      479      385      478      390      478      385
      478     1252      483     1248      482      385
      478      389      478      385      482      389
      475     1252      478      389      478      385
      483      385      478      385      482      385
      478      385      482      385      479      389
      478      385      482      385      478      385
      483     1248      482     1248      482     1253
      478      389      478      385      478     1252
      483     1248      482     1248      483    35440
     3510     1681      483     1252      478      385
      482      385      478      390      478     1252
      478      385      483      385      478      385
      482      385      478     1252      483      385
      478     1252      478     1261      470      389
      478     1248      483     1252      478     1253
      482     1248      483     1247      486      382
      478      389      504     1226      478      385
      482      385      479      389      504      359
      482      385      478      385      483      385
      478      386      481      385      478      390
      478      385      482     1249      482      385
      478      385      483      385      478      385
      482     1248      487      381      482     1248
      483     1248      482     1248      483     1252
      478      385      482     1253      478      385
      478     1253      482      385      504      360
      508     1222      483     1248      483      385
      478      385      512      356      478      385
      482     1249      482     1250      481     1248
      483     1252      479      384      483      385
      478      389      478      385      479    35442
     3537     1655      482     1253      478      385
      482      385      478      385      483     1248
      482      385      482      386      478      385
      482      386      478     1252      478      385
      483     1248      482     1249      482      385
      483     1248      482     1248      483     1248
      482     1249      482     1248      485      383
      482      385      482     1249      482      381
      482      385      479      389      478      385
      483      385      478      385      482      385
      478      385      483      385      478      389
      478      385      478      390      478      385
      482      385      478      386      482      385
      478      389      478      385      479      389
      478      385      482      386      481     1249
      478      385      509      359      478      385
      482      385      478      390      478     1252
      479     1252      478      385      483     1248
      482     1249      482      385      482      385
      479      385      482      385      478      385
      483      385      478      389      478      386
      478      389      478      385      483      385
      478      385      482      385      478      385
      483     1248      482     1248      483      385
      482      385      478      385      483      385
      478      389      478      385      479      389
      478      385      482      385      478      386
      482      385      478      385      482      389
      475      389      478      385      478      390
      478      385      482      385      478      385
      483     1248      482     1249      482      385
      482      386      478      384      483      385
      478      385      482      386      478      389
      478      385      478      389      478      385
      483     1248      482     1252      479      385
      482      385      478      385      483      384
      479      385      482      385      478      390
      477      386      478      389      478      385
      486      381      479      385      482      385
      478      389      478      386      478      389
      478      385      483     1248      482      385
      478      385      483      389      474      389
      478      385      483     1248      508     1222
      483      385      478      389      478      385
      479      390      480      384      482      385
      480      383      483     1249      481      385
      478      388      481      384      482      384
      504      359      484      384      478      389
      479      385      477     1253      482     1251
      480     1249      481      385      478      393
      474     1253      477      385      489      381
      477