  5588828

      476      387      482      383      482      385
      478      385      482      385      478    25055
     3539     1660      479     1247      509      359
      482      385      478      385      482     1248
      483      384      483      385      504      359
      482      391      473     1252      482      385
      478     1252      478     1253      483      384
      479     1254      476     1251      482     1248
      482     1252      479     1252      478      389
      478      385      482     1248      482      386
      477      389      478      385      483      384
      479      384      483      385      482      385
      478      385      482      385      478      385
      483     1251      479      385      482     1248
      482      385      482      385      478      385
      483     1247      483     1251      479      385
      482      386      482      384      478      385
      483     1247      483      385      482      385
      477      386      482      385      482      385
      478      385      482      385      478      389
      479      384      483      384      479      384
      482     1253      478     1252      478     1252
      483      385      478      385      482     1251
      479     1252      478     1252      483    35439
     3510     1682      482     1252      483      380
      508      359      484      385      478     1256
      478      385      478      385      482      384
      478      385      483     1247      483      385
      482     1248      482     1252      478      386
      508     1222      508     1226      478     1252
      483     1249      482     1247      483      385
      482      381      507     1227      478      385
      482      385      483      385      478      385
      482      385      478      386      482      384
      482      385      479      385      508      359
      482      381      482     1248      482      385
      483      385      478      385      482      384
      484     1247      483      385      478     1252
      482     1248      482     1248      482     1248
      483     1252      482     1248      508     1222
      482      385      482     1249      482      385
      482     1248      482     1248      482      385
      483      384      478      385      483      385
      482      381      508      359      482      385
      478      385      483      384      483     1253
      477     1247      483     1248      482    35451
     3503     1683      507     1222      508      359
      483      385      478      384      483     1248
      508      359      482      385      478      385
      483      385      478     1252      483      380
      483     1252      478     1252      483      380
      482     1253      478     1252      482     1248
      483     1247      483     1248      482      385
      483      385      478     1251      483      381
      482      385      483      385      478      385
      482      385      483      380      482      385
      483      385      478      384      509      359
      482      385      478      385      482      385
      478      385      482      385      482      385
      478      385      483      384      478     1253
      482      385      478      385      482     1248
      483      385      482      385      478      384
      482      386      482      385      478      385
      487      380      478     1252      483     1247
      483     1247      483      385      482      385
      478      385      482      385      482      390
      473      385      482      385      483      384
      479      384      483      385      478      385
      482      385      482      385      478      385
      483     1247      488      380      482     1247
      483      385      483      384      478      385
      483      385      478      385      508      359
      482      385      478      385      482      391
      473      385      482      385      482      385
      478      385      483      385      478      385
      482      385      478      389      478      385
      483     1253      479     1248      508      359
      481      385      478      385      508      359
      478      389      479      384      483      385
      478      385      482      386      478      385
      482     1252      478     1252      478      385
      483      384      483      385      478      385
      482      385      478      385      483     1252
      478      385      482      385      478      385
      483      385      478      389      478      385
      483      384      479      384      483      385
      478      389      477     1254      478      384
      483      385      478      385      508      359
      483      385      478     1252      480     1250
      483      384      479      385      482      385
      478      385      482      385      479      389
      478      385      482     1248      483      385
      478      385      482      385      483      385
      478      385      482      385      478      385
      482      385      482      386      478     1252
      478      385      483     1252      478      385
      482     1253      477     1249      482      385
      482