  1754989

      477      386      481      381      482      385
      482      385      478      385      483    25052
     3510     1681      482     1252      479      389
      478      385      482      385      478     1265
      467      384      482      385      478      389
      478      386      482     1248      482      385
      478     1253      478     1252      487      381
      478     1252      478     1252      483     1248
      482     1248      483     1248      482      389
      478      385      478     1253      478      389
      478      385      482      385      479      385
      482      385      478      385      482      385
      479      389      478      384      509      359
      478     1252      478      385      483     1252
      478      385      483      385      478      385
      482     1248      483     1252      478      385
      482      385      479      385      482      385
      478     1252      483      385      478      385
      482      385      478      389      504      359
      483      385      478      385      482      385
      478      385      482      385      482      385
      478     1253      478     1252      482     1248
      483      384      478      390      478     1248
      482     1252      478     1253      478    35442
     3509     1686      482     1248      482      385
      504      360      482      385      478     1252
      478      390      478      384      483      385
      478      385      482     1248      483      385
      482     1248      483     1248      482      385
      478     1252      483     1248      482     1248
      483     1248      482     1253      478      385
      482      385      478     1252      483      385
      478      389      478      385      478      385
      483      385      478      385      482      386
      478      389      478      385      483      385
      478      385      482     1248      486      381
      483      385      478      385      482      385
      478     1252      478      390      504     1226
      478     1252      478     1254      481     1248
      482      385      479     1252      482      385
      504     1226      479      385      482      385
      483     1247      492     1239      482      385
      478      389      479      385      482      385
      478     1253      478     1252      482     1249
      482     1248      482      385      478      385
      483      385      478      389      478    35443
     3510     1681      483     1248      486      381
      478      385      483      385      478     1252
      483      385      478      385      482      385
      478      385      482     1249      482      389
      478     1249      482     1248      482      385
      478     1253      482     1248      482     1248
      487     1244      482     1252      483      380
      483      385      482     1248      483      385
      478      385      482      385      482      381
      483      385      482      385      478      385
      482      385      478      385      483      384
      478      390      478      385      482      385
      478      385      483      385      478      385
      482      385      483      385      478      385
      482      385      478      385      483     1248
      482      385      478      390      478      385
      482      385      482      381      483      385
      478     1252      479      384      483     1252
      478     1252      478      385      483      385
      478      393      475      384      483      385
      478      385      483      385      478      385
      482      385      478      389      479      385
      482      385      478      385      483      385
      482     1248      478     1253      478      389
      478      385      483      385      478      385
      482      385      478      385      483      385
      478      393      474      385      483      384
      479      385      482      385      478      385
      483      384      479      389      478      385
      483      385      478      385      482      385
      478     1252      483     1248      482      385
      478      389      478      385      478      389
      478      385      483      385      478      385
      482      389      474      389      479      385
      482     1248      482     1248      483      385
      478      389      479      385      482      385
      478      392      476      384      479      392
      476      385      478      392      476      384
      484      386      477      384      483      387
      476      391      476      384      481      386
      478      385      483     1249      482      384
      489      382      477      384      477      389
      478      389      481     1251      479     1253
      478      385      477      390      480      383
      479      388      477      385      483      385
      483      381      481     1251      483      383
      478      390      476      391      483      382
      481      382      480      385      478      390
      480      383      482     1251      479      386
      479     1266      469      385      476      387
      483     1247      482      384      478      390
      479